train size,mae,mse,mape,wape,r2,mpe,model,key
1,2610.0,11031016.0,0.8164527745948601,0.4669051878354204,-0.6193267861599214,0.8164527745948601,AdaBoostRegressor,7e56bd83460aabc7-Beans
2,450.0,213736.0,0.057464082860006684,0.05806451612903226,-0.055486419753086436,0.057464082860006684,AdaBoostRegressor,7e56bd83460aabc7-Beans
3,900.0,810000.0,0.1232876712328767,0.1232876712328767,0.0,0.1232876712328767,AdaBoostRegressor,7e56bd83460aabc7-Beans
4,1000.0,2000000.0,0.18867924528301888,0.15873015873015872,-1.0,0.18867924528301888,AdaBoostRegressor,7e56bd83460aabc7-Beans
5,1150.0,2045000.0,0.21010781671159032,0.18699186991869918,-1.8304498269896192,0.21010781671159032,AdaBoostRegressor,7e56bd83460aabc7-Beans
6,1700.0,2890000.0,0.24285714285714285,0.24285714285714285,0.0,0.24285714285714285,AdaBoostRegressor,7e56bd83460aabc7-Beans
7,75.0,11250.0,0.010948905109489052,0.010830324909747292,-1.0,0.010948905109489052,AdaBoostRegressor,7e56bd83460aabc7-Beans
8,125.0,16250.0,0.018195281921083255,0.01818181818181818,-25.0,0.018195281921083255,AdaBoostRegressor,7e56bd83460aabc7-Beans
9,370.0,209800.0,0.057560842220399235,0.05580693815987934,-1.877914951989026,0.057560842220399235,AdaBoostRegressor,7e56bd83460aabc7-Beans
10,1820.0,4918956.25,0.19781053459119496,0.22249388753056235,-0.4850127551020409,0.19781053459119496,AdaBoostRegressor,7e56bd83460aabc7-Beans
11,3750.0,14442777.777777778,1.03,0.6,-0.02704197530864194,1.03,AdaBoostRegressor,7e56bd83460aabc7-Beans
12,6550.0,43805000.0,2.1363636363636362,1.8985507246376812,-47.53739612188366,2.1363636363636362,AdaBoostRegressor,7e56bd83460aabc7-Beans
13,2490.0,6548200.0,0.49189475399152816,0.49899799599198397,-17.81126113185866,0.49189475399152816,AdaBoostRegressor,7e56bd83460aabc7-Beans
14,1390.0,1976200.0,0.23906810035842294,0.24006908462867013,-43.811791383219955,0.23906810035842294,AdaBoostRegressor,7e56bd83460aabc7-Beans
15,220.0,88400.0,0.03678571428571429,0.03793103448275862,-1.21,0.03678571428571429,AdaBoostRegressor,7e56bd83460aabc7-Beans
16,25.0,650.0,0.004459511077158136,0.0044603033006244425,-25.0,0.004459511077158136,AdaBoostRegressor,7e56bd83460aabc7-Beans
17,55.0,3650.0,0.00974093460063113,0.009760425909494233,-4.84,0.00974093460063113,AdaBoostRegressor,7e56bd83460aabc7-Beans
18,850.0,1315400.0,0.21161259235464183,0.17671517671517672,-0.8206228373702422,0.21161259235464183,AdaBoostRegressor,7e56bd83460aabc7-Beans
19,1700.0,2890000.0,0.4292929292929293,0.4292929292929293,0.0,0.4292929292929293,AdaBoostRegressor,7e56bd83460aabc7-Beans
20,1063.333333333333,1130677.777777777,0.26851851851851843,0.26851851851851843,0.0,0.26851851851851843,AdaBoostRegressor,7e56bd83460aabc7-Beans
21,460.0,212000.0,0.11678004535147392,0.116751269035533,-529.0,0.11678004535147392,AdaBoostRegressor,7e56bd83460aabc7-Beans
22,480.0,230400.0,0.12244897959183673,0.12244897959183673,0.0,0.12244897959183673,AdaBoostRegressor,7e56bd83460aabc7-Beans
23,160.0,25600.0,0.04081632653061224,0.04081632653061224,0.0,0.04081632653061224,AdaBoostRegressor,7e56bd83460aabc7-Beans
24,480.0,230400.0,0.12244897959183673,0.12244897959183673,0.0,0.12244897959183673,AdaBoostRegressor,7e56bd83460aabc7-Beans
25,260.0,67600.0,0.0663265306122449,0.0663265306122449,0.0,0.0663265306122449,AdaBoostRegressor,7e56bd83460aabc7-Beans
26,40.0,1600.0,0.01010204081632653,0.010101010101010102,0.0,0.01010204081632653,AdaBoostRegressor,7e56bd83460aabc7-Beans
27,1000.0,1921600.0,0.495,0.3333333333333333,-0.9216,0.495,AdaBoostRegressor,7e56bd83460aabc7-Beans
28,2500.0,6500000.0,2.0,1.6666666666666667,-25.0,2.0,AdaBoostRegressor,7e56bd83460aabc7-Beans
1,2610.0,11031016.0,0.8164527745948601,0.4669051878354204,-0.6193267861599214,0.8164527745948601,BaggingRegressor,7e56bd83460aabc7-Beans
2,4303.6,18723472.96,0.5537988640160374,0.5553032258064516,-91.46159486419754,0.5537988640160374,BaggingRegressor,7e56bd83460aabc7-Beans
3,144.0,20736.0,0.019726027397260273,0.019726027397260273,0.0,0.019726027397260273,BaggingRegressor,7e56bd83460aabc7-Beans
4,1304.3999999999996,2701459.359999999,0.23824554148358745,0.20704761904761898,-1.701459359999999,0.23824554148358745,BaggingRegressor,7e56bd83460aabc7-Beans
5,1240.0,2260100.0,0.2250269541778976,0.2016260162601626,-2.128166089965398,0.2250269541778976,BaggingRegressor,7e56bd83460aabc7-Beans
6,1100.0,1210000.0,0.15714285714285714,0.15714285714285714,0.0,0.15714285714285714,BaggingRegressor,7e56bd83460aabc7-Beans
7,95.0,14650.0,0.013602711157455682,0.013718411552346571,-1.6044444444444443,0.013602711157455682,BaggingRegressor,7e56bd83460aabc7-Beans
8,125.0,16250.0,0.018195281921083255,0.01818181818181818,-25.0,0.018195281921083255,BaggingRegressor,7e56bd83460aabc7-Beans
9,270.0,135400.0,0.04232977850697293,0.04072398190045249,-0.8573388203017833,0.04232977850697293,BaggingRegressor,7e56bd83460aabc7-Beans
10,1820.0,4976500.0,0.19716666666666666,0.22249388753056235,-0.5023849776597029,0.19716666666666666,BaggingRegressor,7e56bd83460aabc7-Beans
11,3750.0,14139229.0,0.97905,0.6,-0.005456284444444348,0.97905,BaggingRegressor,7e56bd83460aabc7-Beans
12,5212.0,28067444.0,1.7167181818181818,1.5107246376811594,-30.099660941828255,1.7167181818181818,BaggingRegressor,7e56bd83460aabc7-Beans
13,590.0,650600.0,0.10669599217986316,0.11823647294589178,-0.8690031600114909,0.10669599217986316,BaggingRegressor,7e56bd83460aabc7-Beans
14,1220.0,1532500.0,0.209668458781362,0.21070811744386875,-33.750566893424036,0.209668458781362,BaggingRegressor,7e56bd83460aabc7-Beans
15,1000.0,1040000.0,0.17142857142857143,0.1724137931034483,-25.0,0.17142857142857143,BaggingRegressor,7e56bd83460aabc7-Beans
16,9.0,106.0,0.0016049146931499873,0.0016057091882247993,-3.24,0.0016049146931499873,BaggingRegressor,7e56bd83460aabc7-Beans
17,25.0,650.0,0.00444058124374067,0.0044365572315882874,-0.040000000000000036,0.00444058124374067,BaggingRegressor,7e56bd83460aabc7-Beans
18,850.0,1357709.0,0.212636524253132,0.17671517671517672,-0.8791820069204153,0.212636524253132,BaggingRegressor,7e56bd83460aabc7-Beans
19,1680.0,2822400.0,0.42424242424242425,0.42424242424242425,0.0,0.42424242424242425,BaggingRegressor,7e56bd83460aabc7-Beans
20,335.0,112225.0,0.0845959595959596,0.0845959595959596,0.0,0.0845959595959596,BaggingRegressor,7e56bd83460aabc7-Beans
21,530.0,281300.0,0.13454700061842917,0.13451776649746192,-702.25,0.13454700061842917,BaggingRegressor,7e56bd83460aabc7-Beans
22,210.0,44100.0,0.05357142857142857,0.05357142857142857,0.0,0.05357142857142857,BaggingRegressor,7e56bd83460aabc7-Beans
23,12.0,144.0,0.003061224489795918,0.003061224489795918,0.0,0.003061224489795918,BaggingRegressor,7e56bd83460aabc7-Beans
24,8.0,64.0,0.0020408163265306124,0.0020408163265306124,0.0,0.0020408163265306124,BaggingRegressor,7e56bd83460aabc7-Beans
25,0.0,0.0,0.0,0.0,1.0,0.0,BaggingRegressor,7e56bd83460aabc7-Beans
26,40.0,3200.0,0.01,0.010101010101010102,-1.0,0.01,BaggingRegressor,7e56bd83460aabc7-Beans
27,1000.0,1846400.0,0.49,0.3333333333333333,-0.8464,0.49,BaggingRegressor,7e56bd83460aabc7-Beans
28,2468.0,6341024.0,1.976,1.6453333333333333,-24.364096,1.976,BaggingRegressor,7e56bd83460aabc7-Beans
1,2610.0,11031016.0,0.8164527745948601,0.4669051878354204,-0.6193267861599214,0.8164527745948601,BayesianRidge,7e56bd83460aabc7-Beans
2,2438.0009003603627,6146348.187576909,0.3122620627979177,0.314580761336821,-29.35233672877486,0.3122620627979177,BayesianRidge,7e56bd83460aabc7-Beans
3,1025.333112890355,1051307.9923894275,0.14045659080689796,0.14045659080689796,0.0,0.14045659080689796,BayesianRidge,7e56bd83460aabc7-Beans
4,1000.000182542778,1053361.8710953689,0.16880336638087795,0.15873018770520286,-0.05336187109536894,0.16880336638087795,BayesianRidge,7e56bd83460aabc7-Beans
5,849.9996719932692,1008512.938245932,0.1531557933800176,0.13821132877939338,-0.39586565847187827,0.1531557933800176,BayesianRidge,7e56bd83460aabc7-Beans
6,545.9998779287866,298115.8666982502,0.07799998256125523,0.07799998256125523,0.0,0.07799998256125523,BayesianRidge,7e56bd83460aabc7-Beans
7,392.9985373245704,160072.874717202,0.056640038765040424,0.05675069131040728,-27.457399949724802,0.056640038765040424,BayesianRidge,7e56bd83460aabc7-Beans
8,284.49810989946127,81564.16508589897,0.041368867243923566,0.041381543258103455,-129.50266413743836,0.041368867243923566,BayesianRidge,7e56bd83460aabc7-Beans
9,270.00024486342363,73013.85255005799,0.04072605848803362,0.04072401883309557,-0.0015617633752809112,0.04072605848803362,BayesianRidge,7e56bd83460aabc7-Beans
10,1819.999679032535,5661249.785739679,0.19022440855999329,0.22249384829248592,-0.7091081348085011,0.19022440855999329,BayesianRidge,7e56bd83460aabc7-Beans
11,3750.0001752347557,14200346.443839442,0.9931912946073711,0.6000000280375609,-0.009802413784138153,0.9931912946073711,BayesianRidge,7e56bd83460aabc7-Beans
12,3829.907827912068,15520245.009172887,1.280917709859111,1.1101182109890053,-16.196947378584916,1.280917709859111,BayesianRidge,7e56bd83460aabc7-Beans
13,1574.1508694351305,2826051.1939119557,0.3341118017092526,0.3154610960791845,-7.118503860706566,0.3341118017092526,BayesianRidge,7e56bd83460aabc7-Beans
14,619.5638584990875,427959.5734729001,0.10846400358622807,0.10700584775459196,-8.704298718206351,0.10846400358622807,BayesianRidge,7e56bd83460aabc7-Beans
15,554.2545959964109,347197.8731678781,0.09686537246343149,0.0955611372407605,-7.679946829196952,0.09686537246343149,BayesianRidge,7e56bd83460aabc7-Beans
16,727.1097580168512,528713.6086718093,0.12972610128336948,0.12972520214395203,-21147.54434687237,0.12972610128336948,BayesianRidge,7e56bd83460aabc7-Beans
17,654.0251587214707,428373.99683538417,0.11608677127829807,0.11606480190265674,-684.3983949366146,0.11608677127829807,BayesianRidge,7e56bd83460aabc7-Beans
18,1441.2156917512552,2799592.670650171,0.3415222221131946,0.2996290419441279,-2.8748687483047353,0.3415222221131946,BayesianRidge,7e56bd83460aabc7-Beans
19,2165.848943486439,4690921.836723125,0.5469315513854645,0.5469315513854645,0.0,0.5469315513854645,BayesianRidge,7e56bd83460aabc7-Beans
20,1559.1367696278203,2431621.9671553005,0.39372140647167175,0.3937214064716718,0.0,0.39372140647167175,BayesianRidge,7e56bd83460aabc7-Beans
21,1144.8034454884828,1310975.1878624312,0.29054096099486726,0.29055925012398043,-3276.4379696560777,0.29054096099486726,BayesianRidge,7e56bd83460aabc7-Beans
22,828.2515531596223,688351.8687271659,0.2112886615203118,0.2112886615203118,0.0,0.2112886615203118,BayesianRidge,7e56bd83460aabc7-Beans
23,550.3460487911079,305818.6096513554,0.14039440020181326,0.14039440020181324,0.0,0.14039440020181326,BayesianRidge,7e56bd83460aabc7-Beans
24,322.9493202160793,107638.21808187223,0.08238503066736716,0.08238503066736716,0.0,0.08238503066736716,BayesianRidge,7e56bd83460aabc7-Beans
25,134.5359709053041,21692.926559272502,0.034320400741149004,0.03432040074114901,0.0,0.034320400741149004,BayesianRidge,7e56bd83460aabc7-Beans
26,101.01718915953415,14166.27297452955,0.025351425744554543,0.025509391201902563,-7.8539206090809675,0.025351425744554543,BayesianRidge,7e56bd83460aabc7-Beans
27,938.6714956065907,1465693.6093825328,0.4475748713152513,0.31289049853553025,-0.4656936093825328,0.4475748713152513,BayesianRidge,7e56bd83460aabc7-Beans
28,2164.9956870803226,4880132.1198956575,1.733555062702578,1.4433304580535484,-18.52052847958263,1.733555062702578,BayesianRidge,7e56bd83460aabc7-Beans
1,2610.0,11031016.0,0.8164527745948601,0.4669051878354204,-0.6193267861599214,0.8164527745948601,DecisionTreeRegressor,7e56bd83460aabc7-Beans
2,4770.0,22955400.0,0.6141830938857333,0.6154838709677419,-112.36,0.6141830938857333,DecisionTreeRegressor,7e56bd83460aabc7-Beans
3,900.0,810000.0,0.1232876712328767,0.1232876712328767,0.0,0.1232876712328767,DecisionTreeRegressor,7e56bd83460aabc7-Beans
4,1000.0,2000000.0,0.18867924528301888,0.15873015873015872,-1.0,0.18867924528301888,DecisionTreeRegressor,7e56bd83460aabc7-Beans
5,1150.0,2045000.0,0.21010781671159032,0.18699186991869918,-1.8304498269896192,0.21010781671159032,DecisionTreeRegressor,7e56bd83460aabc7-Beans
6,1700.0,2890000.0,0.24285714285714285,0.24285714285714285,0.0,0.24285714285714285,DecisionTreeRegressor,7e56bd83460aabc7-Beans
7,75.0,11250.0,0.010948905109489052,0.010830324909747292,-1.0,0.010948905109489052,DecisionTreeRegressor,7e56bd83460aabc7-Beans
8,125.0,16250.0,0.018195281921083255,0.01818181818181818,-25.0,0.018195281921083255,DecisionTreeRegressor,7e56bd83460aabc7-Beans
9,270.0,121300.0,0.042145200984413454,0.04072398190045249,-0.6639231824417009,0.042145200984413454,DecisionTreeRegressor,7e56bd83460aabc7-Beans
10,1820.0,4950800.0,0.19745283018867923,0.22249388753056235,-0.4946262528680112,0.19745283018867923,DecisionTreeRegressor,7e56bd83460aabc7-Beans
11,3750.0,14074600.0,0.954,0.6,-0.0008604444444444415,0.954,DecisionTreeRegressor,7e56bd83460aabc7-Beans
12,6550.0,43805000.0,2.1363636363636362,1.8985507246376812,-47.53739612188366,2.1363636363636362,DecisionTreeRegressor,7e56bd83460aabc7-Beans
13,2490.0,6548200.0,0.49189475399152816,0.49899799599198397,-17.81126113185866,0.49189475399152816,DecisionTreeRegressor,7e56bd83460aabc7-Beans
14,1390.0,1976200.0,0.23906810035842294,0.24006908462867013,-43.811791383219955,0.23906810035842294,DecisionTreeRegressor,7e56bd83460aabc7-Beans
15,220.0,88400.0,0.03678571428571429,0.03793103448275862,-1.21,0.03678571428571429,DecisionTreeRegressor,7e56bd83460aabc7-Beans
16,395.0,156050.0,0.07047364400305577,0.0704727921498662,-6241.0,0.07047364400305577,DecisionTreeRegressor,7e56bd83460aabc7-Beans
17,35.0,1850.0,0.00619161895403841,0.006211180124223602,-1.96,0.00619161895403841,DecisionTreeRegressor,7e56bd83460aabc7-Beans
18,850.0,1362500.0,0.2127502944640754,0.17671517671517672,-0.8858131487889274,0.2127502944640754,DecisionTreeRegressor,7e56bd83460aabc7-Beans
19,1700.0,2890000.0,0.4292929292929293,0.4292929292929293,0.0,0.4292929292929293,DecisionTreeRegressor,7e56bd83460aabc7-Beans
20,0.0,0.0,0.0,0.0,1.0,0.0,DecisionTreeRegressor,7e56bd83460aabc7-Beans
21,20.0,800.0,0.00510204081632653,0.005076142131979695,-1.0,0.00510204081632653,DecisionTreeRegressor,7e56bd83460aabc7-Beans
22,40.0,1600.0,0.01020408163265306,0.01020408163265306,0.0,0.01020408163265306,DecisionTreeRegressor,7e56bd83460aabc7-Beans
23,0.0,0.0,0.0,0.0,1.0,0.0,DecisionTreeRegressor,7e56bd83460aabc7-Beans
24,0.0,0.0,0.0,0.0,1.0,0.0,DecisionTreeRegressor,7e56bd83460aabc7-Beans
25,0.0,0.0,0.0,0.0,1.0,0.0,DecisionTreeRegressor,7e56bd83460aabc7-Beans
26,40.0,3200.0,0.01,0.010101010101010102,-1.0,0.01,DecisionTreeRegressor,7e56bd83460aabc7-Beans
27,1000.0,1846400.0,0.49,0.3333333333333333,-0.8464,0.49,DecisionTreeRegressor,7e56bd83460aabc7-Beans
28,2500.0,6500000.0,2.0,1.6666666666666667,-25.0,2.0,DecisionTreeRegressor,7e56bd83460aabc7-Beans
1,2610.0,11031016.0,0.8164527745948601,0.4669051878354204,-0.6193267861599214,0.8164527745948601,DummyRegressor,7e56bd83460aabc7-Beans
2,2438.0,6146344.0,0.3122619445372536,0.3145806451612903,-29.352316049382715,0.3122619445372536,DummyRegressor,7e56bd83460aabc7-Beans
3,1025.333333333333,1051308.4444444438,0.14045662100456616,0.14045662100456616,0.0,0.14045662100456616,DummyRegressor,7e56bd83460aabc7-Beans
4,1000.0,1053361.0,0.16880330834841045,0.15873015873015872,-0.05336099999999999,0.16880330834841045,DummyRegressor,7e56bd83460aabc7-Beans
5,850.0,1008511.0400000002,0.15315579514824798,0.13821138211382114,-0.3958630311418687,0.15315579514824798,DummyRegressor,7e56bd83460aabc7-Beans
6,546.0,298116.0,0.078,0.078,0.0,0.078,DummyRegressor,7e56bd83460aabc7-Beans
7,393.0,160074.0,0.05664025026068821,0.05675090252707581,-27.4576,0.05664025026068821,DummyRegressor,7e56bd83460aabc7-Beans
8,284.5,81565.25,0.041369142071300116,0.04138181818181818,-129.5044,0.041369142071300116,DummyRegressor,7e56bd83460aabc7-Beans
9,270.0,73013.77777777778,0.040726004922067266,0.04072398190045249,-0.0015607376924249294,0.040726004922067266,DummyRegressor,7e56bd83460aabc7-Beans
10,1820.0,5661262.760000001,0.19022433962264151,0.22249388753056235,-0.7091120516845795,0.19022433962264151,DummyRegressor,7e56bd83460aabc7-Beans
11,3750.0,14200343.438016528,0.993190909090909,0.6,-0.009802200036730824,0.993190909090909,DummyRegressor,7e56bd83460aabc7-Beans
12,3452.833333333333,12824558.027777776,1.1649795454545453,1.0008212560386474,-13.210036595875652,1.1649795454545453,DummyRegressor,7e56bd83460aabc7-Beans
13,1574.1538461538457,2826060.3313609455,0.3341124019349825,0.31546169261600115,-7.118530110200934,0.3341124019349825,DummyRegressor,7e56bd83460aabc7-Beans
14,619.5714285714284,427968.75510204065,0.1084653097798259,0.10700715519368367,-8.704506918413621,0.1084653097798259,DummyRegressor,7e56bd83460aabc7-Beans
15,554.2666666666664,347211.53777777747,0.09686746031746027,0.09556321839080456,-7.680288444444436,0.09686746031746027,DummyRegressor,7e56bd83460aabc7-Beans
16,727.125,528735.765625,0.1297288205054749,0.1297279214986619,-21148.430625,0.1297288205054749,DummyRegressor,7e56bd83460aabc7-Beans
17,654.0588235294117,428417.9446366781,0.11609274423474723,0.11607077613654157,-684.468711418685,0.11609274423474723,DummyRegressor,7e56bd83460aabc7-Beans
18,1441.333333333333,2799941.777777777,0.3415476912826736,0.2996534996534996,-2.875351941560937,0.3415476912826736,DummyRegressor,7e56bd83460aabc7-Beans
19,2260.210526315789,5108551.6232686965,0.5707602339181286,0.5707602339181286,0.0,0.5707602339181286,DummyRegressor,7e56bd83460aabc7-Beans
20,2147.2,4610467.839999999,0.5422222222222222,0.5422222222222222,0.0,0.5422222222222222,DummyRegressor,7e56bd83460aabc7-Beans
21,2064.9523809523807,4264428.335600906,0.5241388618939639,0.5240995890742083,-10660.070839002265,0.5241388618939639,DummyRegressor,7e56bd83460aabc7-Beans
22,1992.0,3968064.0,0.5081632653061224,0.5081632653061224,0.0,0.5081632653061224,DummyRegressor,7e56bd83460aabc7-Beans
23,1905.391304347826,3630516.0226843096,0.48606921029281275,0.48606921029281275,0.0,0.48606921029281275,DummyRegressor,7e56bd83460aabc7-Beans
24,1826.0,3334276.0,0.4658163265306122,0.4658163265306122,0.0,0.4658163265306122,DummyRegressor,7e56bd83460aabc7-Beans
25,1752.96,3072868.7616000003,0.44718367346938775,0.44718367346938775,0.0,0.44718367346938775,DummyRegressor,7e56bd83460aabc7-Beans
26,1645.538461538462,2709396.828402368,0.4156844583987442,0.41554001554001563,-1692.37301775148,0.4156844583987442,DummyRegressor,7e56bd83460aabc7-Beans
27,2543.1111111111113,7467414.123456791,1.0786666666666667,0.8477037037037037,-6.467414123456791,1.0786666666666667,DummyRegressor,7e56bd83460aabc7-Beans
28,3988.0,16154144.0,3.116,2.6586666666666665,-63.616575999999995,3.116,DummyRegressor,7e56bd83460aabc7-Beans
1,2610.0,11031016.0,0.8164527745948601,0.4669051878354204,-0.6193267861599214,0.8164527745948601,ElasticNet,7e56bd83460aabc7-Beans
2,5546.0,30865045.0,0.720491981289676,0.7156129032258065,-151.41997530864197,0.720491981289676,ElasticNet,7e56bd83460aabc7-Beans
3,629.2619047619041,402245.44784580416,0.08620026092628824,0.08620026092628824,0.0,0.08620026092628824,ElasticNet,7e56bd83460aabc7-Beans
4,1149.4285714285716,2592603.3673469387,0.21630838533397337,0.18244897959183676,-1.5926033673469386,0.21630838533397337,ElasticNet,7e56bd83460aabc7-Beans
5,1551.0600000000004,2902558.3560000006,0.27326458221024263,0.25220487804878056,-3.0173818076124572,0.27326458221024263,ElasticNet,7e56bd83460aabc7-Beans
6,513.4146341463411,263611.1772754309,0.0733449477351916,0.07334494773519158,0.0,0.0733449477351916,ElasticNet,7e56bd83460aabc7-Beans
7,135.21428571428623,29024.74489795927,0.019365708327126547,0.019525528623001623,-4.159954648526092,0.019365708327126547,ElasticNet,7e56bd83460aabc7-Beans
8,89.63043478260897,8187.698487712718,0.013030760881063792,0.013037154150197669,-12.100317580340349,0.013030760881063792,ElasticNet,7e56bd83460aabc7-Beans
9,371.30620155038787,230725.50282434953,0.05797183059779168,0.05600395196838429,-2.1649588864794174,0.05797183059779168,ElasticNet,7e56bd83460aabc7-Beans
10,1787.1885714285718,4491051.597224491,0.19727157412398927,0.2184827104435907,-0.35583009214602423,0.19727157412398927,ElasticNet,7e56bd83460aabc7-Beans
11,3768.634199134199,14579007.223936958,1.034186147186147,0.6029814718614719,-0.03672940259107249,1.034186147186147,ElasticNet,7e56bd83460aabc7-Beans
12,4528.0615212527955,21265815.86401263,1.495577303233679,1.3124816003631292,-22.56323087425222,1.495577303233679,ElasticNet,7e56bd83460aabc7-Beans
13,1434.2002652519895,2416127.135901189,0.30589215397752667,0.28741488281602995,-5.940899557314533,0.30589215397752667,ElasticNet,7e56bd83460aabc7-Beans
14,247.49253731343288,61640.284873227516,0.04292463756486385,0.042744825097311374,-0.39773888601422946,0.04292463756486385,ElasticNet,7e56bd83460aabc7-Beans
15,159.32086956521698,44228.53996807379,0.026684682539682467,0.02746911544227879,-0.1057134992018447,0.026684682539682467,ElasticNet,7e56bd83460aabc7-Beans
16,53.4956896551721,4661.5719092680265,0.009551039590339738,0.009544280045525799,-185.46287637072106,0.009551039590339738,ElasticNet,7e56bd83460aabc7-Beans
17,73.63205282112813,9428.508410567089,0.013017331798084533,0.01306691265681067,-14.08561345690734,0.013017331798084533,ElasticNet,7e56bd83460aabc7-Beans
18,811.8287740628166,1118626.3192947016,0.1999285654978836,0.1687793709070305,-0.5482717222071993,0.1999285654978836,ElasticNet,7e56bd83460aabc7-Beans
19,1481.1540120793784,2195193.4638534295,0.374028790929136,0.37402879092913593,0.0,0.374028790929136,ElasticNet,7e56bd83460aabc7-Beans
20,1096.6103703703698,1204834.7559945118,0.2769218106995883,0.2769218106995883,0.0,0.2769218106995883,ElasticNet,7e56bd83460aabc7-Beans
21,798.7073457185561,639162.2162727191,0.20267766050117098,0.20271760043618176,-1596.9055406817977,0.20267766050117098,ElasticNet,7e56bd83460aabc7-Beans
22,554.2621305075295,310795.20754629554,0.14139340063967587,0.1413934006396759,0.0,0.14139340063967587,ElasticNet,7e56bd83460aabc7-Beans
23,325.9763067904246,110251.83536393978,0.08315722112000627,0.08315722112000627,0.0,0.08315722112000627,ElasticNet,7e56bd83460aabc7-Beans
24,134.0533562822725,22205.04115478403,0.034197284765885835,0.03419728476588584,0.0,0.034197284765885835,ElasticNet,7e56bd83460aabc7-Beans
25,65.96019047619029,5132.795942675635,0.016826579203109766,0.01682657920310977,0.0,0.016826579203109766,ElasticNet,7e56bd83460aabc7-Beans
26,205.22263639444236,53373.245668521675,0.0515585265112483,0.051823898079404636,-32.35827854282605,0.0515585265112483,ElasticNet,7e56bd83460aabc7-Beans
27,934.3116863457462,1280173.769062548,0.43013563427187407,0.31143722878191543,-0.2801737690625479,0.43013563427187407,ElasticNet,7e56bd83460aabc7-Beans
28,2050.466051059207,4393997.714696422,1.6467034220532322,1.3669773673728047,-16.57599085878569,1.6467034220532322,ElasticNet,7e56bd83460aabc7-Beans
1,2610.0,11031016.0,0.8164527745948601,0.4669051878354204,-0.6193267861599214,0.8164527745948601,ExtraTreeRegressor,7e56bd83460aabc7-Beans
2,4770.0,22955400.0,0.6141830938857333,0.6154838709677419,-112.36,0.6141830938857333,ExtraTreeRegressor,7e56bd83460aabc7-Beans
3,900.0,810000.0,0.1232876712328767,0.1232876712328767,0.0,0.1232876712328767,ExtraTreeRegressor,7e56bd83460aabc7-Beans
4,1000.0,2000000.0,0.18867924528301888,0.15873015873015872,-1.0,0.18867924528301888,ExtraTreeRegressor,7e56bd83460aabc7-Beans
5,1150.0,2045000.0,0.21010781671159032,0.18699186991869918,-1.8304498269896192,0.21010781671159032,ExtraTreeRegressor,7e56bd83460aabc7-Beans
6,1700.0,2890000.0,0.24285714285714285,0.24285714285714285,0.0,0.24285714285714285,ExtraTreeRegressor,7e56bd83460aabc7-Beans
7,75.0,11250.0,0.010948905109489052,0.010830324909747292,-1.0,0.010948905109489052,ExtraTreeRegressor,7e56bd83460aabc7-Beans
8,125.0,16250.0,0.018195281921083255,0.01818181818181818,-25.0,0.018195281921083255,ExtraTreeRegressor,7e56bd83460aabc7-Beans
9,270.0,121300.0,0.042145200984413454,0.04072398190045249,-0.6639231824417009,0.042145200984413454,ExtraTreeRegressor,7e56bd83460aabc7-Beans
10,1820.0,4950800.0,0.19745283018867923,0.22249388753056235,-0.4946262528680112,0.19745283018867923,ExtraTreeRegressor,7e56bd83460aabc7-Beans
11,3750.0,14074600.0,0.954,0.6,-0.0008604444444444415,0.954,ExtraTreeRegressor,7e56bd83460aabc7-Beans
12,6550.0,43805000.0,2.1363636363636362,1.8985507246376812,-47.53739612188366,2.1363636363636362,ExtraTreeRegressor,7e56bd83460aabc7-Beans
13,2490.0,6548200.0,0.49189475399152816,0.49899799599198397,-17.81126113185866,0.49189475399152816,ExtraTreeRegressor,7e56bd83460aabc7-Beans
14,1390.0,1976200.0,0.23906810035842294,0.24006908462867013,-43.811791383219955,0.23906810035842294,ExtraTreeRegressor,7e56bd83460aabc7-Beans
15,220.0,88400.0,0.03678571428571429,0.03793103448275862,-1.21,0.03678571428571429,ExtraTreeRegressor,7e56bd83460aabc7-Beans
16,395.0,156050.0,0.07047364400305577,0.0704727921498662,-6241.0,0.07047364400305577,ExtraTreeRegressor,7e56bd83460aabc7-Beans
17,35.0,1850.0,0.00619161895403841,0.006211180124223602,-1.96,0.00619161895403841,ExtraTreeRegressor,7e56bd83460aabc7-Beans
18,850.0,1362500.0,0.2127502944640754,0.17671517671517672,-0.8858131487889274,0.2127502944640754,ExtraTreeRegressor,7e56bd83460aabc7-Beans
19,1700.0,2890000.0,0.4292929292929293,0.4292929292929293,0.0,0.4292929292929293,ExtraTreeRegressor,7e56bd83460aabc7-Beans
20,0.0,0.0,0.0,0.0,1.0,0.0,ExtraTreeRegressor,7e56bd83460aabc7-Beans
21,20.0,800.0,0.00510204081632653,0.005076142131979695,-1.0,0.00510204081632653,ExtraTreeRegressor,7e56bd83460aabc7-Beans
22,40.0,1600.0,0.01020408163265306,0.01020408163265306,0.0,0.01020408163265306,ExtraTreeRegressor,7e56bd83460aabc7-Beans
23,0.0,0.0,0.0,0.0,1.0,0.0,ExtraTreeRegressor,7e56bd83460aabc7-Beans
24,0.0,0.0,0.0,0.0,1.0,0.0,ExtraTreeRegressor,7e56bd83460aabc7-Beans
25,0.0,0.0,0.0,0.0,1.0,0.0,ExtraTreeRegressor,7e56bd83460aabc7-Beans
26,40.0,3200.0,0.01,0.010101010101010102,-1.0,0.01,ExtraTreeRegressor,7e56bd83460aabc7-Beans
27,1000.0,1846400.0,0.49,0.3333333333333333,-0.8464,0.49,ExtraTreeRegressor,7e56bd83460aabc7-Beans
28,2500.0,6500000.0,2.0,1.6666666666666667,-25.0,2.0,ExtraTreeRegressor,7e56bd83460aabc7-Beans
1,2610.0,11031016.0,0.8164527745948601,0.4669051878354204,-0.6193267861599214,0.8164527745948601,ExtraTreesRegressor,7e56bd83460aabc7-Beans
2,4770.0,22955400.0,0.6141830938857333,0.6154838709677419,-112.36,0.6141830938857333,ExtraTreesRegressor,7e56bd83460aabc7-Beans
3,900.0,810000.0,0.1232876712328767,0.1232876712328767,0.0,0.1232876712328767,ExtraTreesRegressor,7e56bd83460aabc7-Beans
4,1000.0,2000000.0,0.18867924528301888,0.15873015873015872,-1.0,0.18867924528301888,ExtraTreesRegressor,7e56bd83460aabc7-Beans
5,1150.0,2045000.0,0.21010781671159032,0.18699186991869918,-1.8304498269896192,0.21010781671159032,ExtraTreesRegressor,7e56bd83460aabc7-Beans
6,1700.0,2890000.0,0.24285714285714285,0.24285714285714285,0.0,0.24285714285714285,ExtraTreesRegressor,7e56bd83460aabc7-Beans
7,75.0,11250.0,0.010948905109489052,0.010830324909747292,-1.0,0.010948905109489052,ExtraTreesRegressor,7e56bd83460aabc7-Beans
8,125.0,16250.0,0.018195281921083255,0.01818181818181818,-25.0,0.018195281921083255,ExtraTreesRegressor,7e56bd83460aabc7-Beans
9,270.0,121300.0,0.042145200984413454,0.04072398190045249,-0.6639231824417009,0.042145200984413454,ExtraTreesRegressor,7e56bd83460aabc7-Beans
10,1820.0,4950800.0,0.19745283018867923,0.22249388753056235,-0.4946262528680112,0.19745283018867923,ExtraTreesRegressor,7e56bd83460aabc7-Beans
11,3750.0,14074600.0,0.954,0.6,-0.0008604444444444415,0.954,ExtraTreesRegressor,7e56bd83460aabc7-Beans
12,6550.0,43805000.0,2.1363636363636362,1.8985507246376812,-47.53739612188366,2.1363636363636362,ExtraTreesRegressor,7e56bd83460aabc7-Beans
13,2490.0,6548200.0,0.49189475399152816,0.49899799599198397,-17.81126113185866,0.49189475399152816,ExtraTreesRegressor,7e56bd83460aabc7-Beans
14,1390.0,1976200.0,0.23906810035842294,0.24006908462867013,-43.811791383219955,0.23906810035842294,ExtraTreesRegressor,7e56bd83460aabc7-Beans
15,220.0,88400.0,0.03678571428571429,0.03793103448275862,-1.21,0.03678571428571429,ExtraTreesRegressor,7e56bd83460aabc7-Beans
16,395.0,156050.0,0.07047364400305577,0.0704727921498662,-6241.0,0.07047364400305577,ExtraTreesRegressor,7e56bd83460aabc7-Beans
17,35.0,1850.0,0.00619161895403841,0.006211180124223602,-1.96,0.00619161895403841,ExtraTreesRegressor,7e56bd83460aabc7-Beans
18,850.0,1362500.0,0.2127502944640754,0.17671517671517672,-0.8858131487889274,0.2127502944640754,ExtraTreesRegressor,7e56bd83460aabc7-Beans
19,1700.0,2890000.0,0.4292929292929293,0.4292929292929293,0.0,0.4292929292929293,ExtraTreesRegressor,7e56bd83460aabc7-Beans
20,0.0,0.0,0.0,0.0,1.0,0.0,ExtraTreesRegressor,7e56bd83460aabc7-Beans
21,20.0,800.0,0.00510204081632653,0.005076142131979695,-1.0,0.00510204081632653,ExtraTreesRegressor,7e56bd83460aabc7-Beans
22,40.0,1600.0,0.01020408163265306,0.01020408163265306,0.0,0.01020408163265306,ExtraTreesRegressor,7e56bd83460aabc7-Beans
23,0.0,0.0,0.0,0.0,1.0,0.0,ExtraTreesRegressor,7e56bd83460aabc7-Beans
24,0.0,0.0,0.0,0.0,1.0,0.0,ExtraTreesRegressor,7e56bd83460aabc7-Beans
25,0.0,0.0,0.0,0.0,1.0,0.0,ExtraTreesRegressor,7e56bd83460aabc7-Beans
26,40.0,3200.0,0.01,0.010101010101010102,-1.0,0.01,ExtraTreesRegressor,7e56bd83460aabc7-Beans
27,1000.0,1846400.0,0.49,0.3333333333333333,-0.8464,0.49,ExtraTreesRegressor,7e56bd83460aabc7-Beans
28,2500.0,6500000.0,2.0,1.6666666666666667,-25.0,2.0,ExtraTreesRegressor,7e56bd83460aabc7-Beans
1,4410.908728711261,27043872.880950157,0.7148266556462053,0.7890713289286692,-2.9699759077157055,0.7148266556462053,GaussianProcessRegressor,7e56bd83460aabc7-Beans
2,8045.861260553003,64979741.56117797,1.0379753724436598,1.0381756465229681,-319.8876126477924,1.0379753724436598,GaussianProcessRegressor,7e56bd83460aabc7-Beans
3,2793.7876915660772,14357878.851748213,0.3827106426802846,0.38271064268028454,0.0,0.3827106426802846,GaussianProcessRegressor,7e56bd83460aabc7-Beans
4,5381.04278312116,28992850.60622911,0.8712230785012591,0.8541337750985968,-27.992850606229112,0.8712230785012591,GaussianProcessRegressor,7e56bd83460aabc7-Beans
5,2878.2158640864664,15868671.50943959,0.41401949047636055,0.4680025795262547,-20.96355918261535,0.41401949047636055,GaussianProcessRegressor,7e56bd83460aabc7-Beans
6,6331.914479794516,40430477.223646626,0.9045592113992166,0.9045592113992166,0.0,0.9045592113992166,GaussianProcessRegressor,7e56bd83460aabc7-Beans
7,3413.121958428837,15704215.590888018,0.49607703501957845,0.4928695968850306,-2790.860549491203,0.49607703501957845,GaussianProcessRegressor,7e56bd83460aabc7-Beans
8,5257.627017233841,29019060.615848593,0.7641353120662936,0.7647457479612859,-46429.49698535775,0.7641353120662936,GaussianProcessRegressor,7e56bd83460aabc7-Beans
9,3913.6955558488976,17281065.02377693,0.5999041125163066,0.5903009888158216,-236.05164641669313,0.5999041125163066,GaussianProcessRegressor,7e56bd83460aabc7-Beans
10,6097.1905426847625,47367698.02555611,0.6928411085460344,0.7453778169541274,-13.300114124367862,0.6928411085460344,GaussianProcessRegressor,7e56bd83460aabc7-Beans
11,4113.484245602702,22628665.90694955,0.6700024682833681,0.6581574792964323,-0.6091495756053014,0.6700024682833681,GaussianProcessRegressor,7e56bd83460aabc7-Beans
12,3620.5375241164174,13908295.916049525,1.212778398972327,1.0494311664105558,-14.410854200608892,1.212778398972327,GaussianProcessRegressor,7e56bd83460aabc7-Beans
13,6807.602445840015,46406294.079204634,1.3896155267531052,1.3642489871422876,-132.31311140248386,1.3896155267531052,GaussianProcessRegressor,7e56bd83460aabc7-Beans
14,2280.1095850596093,9460989.883166317,0.3813707605168498,0.39380131002756635,-213.53491798563076,0.3813707605168498,GaussianProcessRegressor,7e56bd83460aabc7-Beans
15,5028.414200920633,25512406.090676542,0.8708389050588023,0.8669679656759712,-636.8101522669135,0.8708389050588023,GaussianProcessRegressor,7e56bd83460aabc7-Beans
16,2810.5622542404317,10696372.787841083,0.5011726238139654,0.5014384039679628,-427853.91151364334,0.5011726238139654,GaussianProcessRegressor,7e56bd83460aabc7-Beans
17,4335.959638141579,19693518.056863524,0.7687404578216328,0.7694693235388782,-31508.62889098164,0.7687404578216328,GaussianProcessRegressor,7e56bd83460aabc7-Beans
18,2560.124898652844,6838226.997861397,0.5696170995653731,0.532250498680425,-8.464674045482903,0.5696170995653731,GaussianProcessRegressor,7e56bd83460aabc7-Beans
19,2266.3037710153912,6387011.770418303,0.5722989320745937,0.5722989320745937,0.0,0.5722989320745937,GaussianProcessRegressor,7e56bd83460aabc7-Beans
20,2956.7495102109015,9195870.801149564,0.7466539167199246,0.7466539167199246,0.0,0.7466539167199246,GaussianProcessRegressor,7e56bd83460aabc7-Beans
21,2384.0043486875174,6575966.202165991,0.6063100047650929,0.605077245859776,-16438.915505414978,0.6063100047650929,GaussianProcessRegressor,7e56bd83460aabc7-Beans
22,2730.855602084008,8070906.018953867,0.6966468372663286,0.6966468372663285,0.0,0.6966468372663286,GaussianProcessRegressor,7e56bd83460aabc7-Beans
23,2525.299527200302,7151782.467946233,0.6442090630613015,0.6442090630613014,0.0,0.6442090630613015,GaussianProcessRegressor,7e56bd83460aabc7-Beans
24,2648.4500787596044,7689267.621307142,0.6756250200917359,0.6756250200917359,0.0,0.6756250200917359,GaussianProcessRegressor,7e56bd83460aabc7-Beans
25,2574.1348665321593,7360679.200628966,0.6566670577888162,0.6566670577888162,0.0,0.6566670577888162,GaussianProcessRegressor,7e56bd83460aabc7-Beans
26,2659.121408627673,7837494.882968912,0.6693303077520693,0.6714953052090084,-4897.43430185557,0.6693303077520693,GaussianProcessRegressor,7e56bd83460aabc7-Beans
27,1671.8555772869772,2818030.952692245,0.6080175717078388,0.5572851924289924,-1.8180309526922454,0.6080175717078388,GaussianProcessRegressor,7e56bd83460aabc7-Beans
28,369.1447811315122,155896.91479964805,0.31188450960787995,0.2460965207543415,0.37641234080140784,0.31188450960787995,GaussianProcessRegressor,7e56bd83460aabc7-Beans
1,2610.0,11031016.0,0.8164527745948601,0.4669051878354204,-0.6193267861599214,0.8164527745948601,GradientBoostingRegressor,7e56bd83460aabc7-Beans
2,4769.938058817795,22954809.08495847,0.6141750744376531,0.6154758785571348,-112.35708190102949,0.6141750744376531,GradientBoostingRegressor,7e56bd83460aabc7-Beans
3,899.9488604533435,809907.9514312715,0.1232806658155265,0.1232806658155265,0.0,0.1232806658155265,GradientBoostingRegressor,7e56bd83460aabc7-Beans
4,1000.0,1999959.148985722,0.1886787173503297,0.15873015873015872,-0.999959148985722,0.1886787173503297,GradientBoostingRegressor,7e56bd83460aabc7-Beans
5,1149.9836594274047,2044962.4169500452,0.21010510796438112,0.18698921291502515,-1.830397808927398,0.21010510796438112,GradientBoostingRegressor,7e56bd83460aabc7-Beans
6,1699.9693481456834,2889895.7846348598,0.2428527640208119,0.2428527640208119,0.0,0.2428527640208119,GradientBoostingRegressor,7e56bd83460aabc7-Beans
7,75.0,11248.135544321227,0.0109488856662127,0.010830324909747292,-0.9996685412126625,0.0109488856662127,GradientBoostingRegressor,7e56bd83460aabc7-Beans
8,124.98912310715514,16247.280895095582,0.018193699806658026,0.018180236088313474,-24.99564943215293,0.018193699806658026,GradientBoostingRegressor,7e56bd83460aabc7-Beans
9,270.0,121616.07053757297,0.04214961345272111,0.04072398190045249,-0.6682588551107405,0.04214961345272111,GradientBoostingRegressor,7e56bd83460aabc7-Beans
10,1820.0,4949927.5895924065,0.1974625835198208,0.22249388753056235,-0.4943628757373526,0.1974625835198208,GradientBoostingRegressor,7e56bd83460aabc7-Beans
11,3750.0,14075147.256107617,0.9543690030061462,0.6,-0.000899360434319485,0.9543690030061462,GradientBoostingRegressor,7e56bd83460aabc7-Beans
12,6543.553796829281,43720596.2919989,2.1343418726419108,1.8966822599505162,-47.443874007755014,2.1343418726419108,GradientBoostingRegressor,7e56bd83460aabc7-Beans
13,2476.798198367737,6482629.315437667,0.48921159212508175,0.49635234436227194,-17.622893753052765,0.48921159212508175,GradientBoostingRegressor,7e56bd83460aabc7-Beans
14,1384.5852241277325,1961176.2428728433,0.23813167406510072,0.2391338901775013,-43.47111661843182,0.23813167406510072,GradientBoostingRegressor,7e56bd83460aabc7-Beans
15,215.22776500196687,86322.99082774187,0.03596193562533952,0.037108235345166704,-1.1580747706935468,0.03596193562533952,GradientBoostingRegressor,7e56bd83460aabc7-Beans
16,397.2038069278715,157795.86423799378,0.07086683020851539,0.07086597804243916,-6310.834569519751,0.07086683020851539,GradientBoostingRegressor,7e56bd83460aabc7-Beans
17,37.08759770790766,2000.4899037435976,0.006562096114461798,0.006581649992530197,-2.200783845989756,0.006562096114461798,GradientBoostingRegressor,7e56bd83460aabc7-Beans
18,850.0,1360026.6422390558,0.21269161387416763,0.17671517671517672,-0.8823898162478281,0.21269161387416763,GradientBoostingRegressor,7e56bd83460aabc7-Beans
19,1696.0123994274545,2876458.0590116717,0.42828595945137743,0.42828595945137743,0.0,0.42828595945137743,GradientBoostingRegressor,7e56bd83460aabc7-Beans
20,17.59031041738308,309.4190205798957,0.004441997580147242,0.004441997580147242,0.0,0.004441997580147242,GradientBoostingRegressor,7e56bd83460aabc7-Beans
21,29.72677049109734,1283.6808838303755,0.007570827905001773,0.0075448656068774975,-2.2092022095759387,0.007570827905001773,GradientBoostingRegressor,7e56bd83460aabc7-Beans
22,48.67230099431936,2368.992884081621,0.012416403314877388,0.012416403314877388,0.0,0.012416403314877388,GradientBoostingRegressor,7e56bd83460aabc7-Beans
23,10.99044784816033,120.78994390313201,0.0028036856755511044,0.0028036856755511044,0.0,0.0028036856755511044,GradientBoostingRegressor,7e56bd83460aabc7-Beans
24,8.672642195797835,75.21472265633308,0.002212408723417815,0.002212408723417815,0.0,0.002212408723417815,GradientBoostingRegressor,7e56bd83460aabc7-Beans
25,8.206287950546994,67.34316192729278,0.002093440803710968,0.002093440803710968,0.0,0.002093440803710968,GradientBoostingRegressor,7e56bd83460aabc7-Beans
26,40.0,2761.9663681236143,0.010015082582176822,0.010101010101010102,-0.726228980077259,0.010015082582176822,GradientBoostingRegressor,7e56bd83460aabc7-Beans
27,1000.0,1855416.2676634626,0.4906108956034923,0.3333333333333333,-0.8554162676634625,0.4906108956034923,GradientBoostingRegressor,7e56bd83460aabc7-Beans
28,2500.2647263699796,6501323.701929949,2.0001985447774846,1.6668431509133197,-25.005294807719796,2.0001985447774846,GradientBoostingRegressor,7e56bd83460aabc7-Beans
1,2610.0,11031016.0,0.8164527745948601,0.4669051878354204,-0.6193267861599214,0.8164527745948601,HistGradientBoostingRegressor,7e56bd83460aabc7-Beans
2,2438.0,6146344.0,0.3122619445372536,0.3145806451612903,-29.352316049382715,0.3122619445372536,HistGradientBoostingRegressor,7e56bd83460aabc7-Beans
3,1025.333333333333,1051308.4444444438,0.14045662100456616,0.14045662100456616,0.0,0.14045662100456616,HistGradientBoostingRegressor,7e56bd83460aabc7-Beans
4,1000.0,1053361.0,0.16880330834841045,0.15873015873015872,-0.05336099999999999,0.16880330834841045,HistGradientBoostingRegressor,7e56bd83460aabc7-Beans
5,850.0,1008511.0400000002,0.15315579514824798,0.13821138211382114,-0.3958630311418687,0.15315579514824798,HistGradientBoostingRegressor,7e56bd83460aabc7-Beans
6,546.0,298116.0,0.078,0.078,0.0,0.078,HistGradientBoostingRegressor,7e56bd83460aabc7-Beans
7,393.0,160074.0,0.05664025026068821,0.05675090252707581,-27.4576,0.05664025026068821,HistGradientBoostingRegressor,7e56bd83460aabc7-Beans
8,284.5,81565.25,0.041369142071300116,0.04138181818181818,-129.5044,0.041369142071300116,HistGradientBoostingRegressor,7e56bd83460aabc7-Beans
9,270.0,73013.77777777778,0.040726004922067266,0.04072398190045249,-0.0015607376924249294,0.040726004922067266,HistGradientBoostingRegressor,7e56bd83460aabc7-Beans
10,1820.0,5661262.760000001,0.19022433962264151,0.22249388753056235,-0.7091120516845795,0.19022433962264151,HistGradientBoostingRegressor,7e56bd83460aabc7-Beans
11,3750.0,14200343.438016528,0.993190909090909,0.6,-0.009802200036730824,0.993190909090909,HistGradientBoostingRegressor,7e56bd83460aabc7-Beans
12,3452.833333333333,12824558.027777776,1.1649795454545453,1.0008212560386474,-13.210036595875652,1.1649795454545453,HistGradientBoostingRegressor,7e56bd83460aabc7-Beans
13,1574.1538461538457,2826060.3313609455,0.3341124019349825,0.31546169261600115,-7.118530110200934,0.3341124019349825,HistGradientBoostingRegressor,7e56bd83460aabc7-Beans
14,619.5714285714284,427968.75510204065,0.1084653097798259,0.10700715519368367,-8.704506918413621,0.1084653097798259,HistGradientBoostingRegressor,7e56bd83460aabc7-Beans
15,554.2666666666664,347211.53777777747,0.09686746031746027,0.09556321839080456,-7.680288444444436,0.09686746031746027,HistGradientBoostingRegressor,7e56bd83460aabc7-Beans
16,727.125,528735.765625,0.1297288205054749,0.1297279214986619,-21148.430625,0.1297288205054749,HistGradientBoostingRegressor,7e56bd83460aabc7-Beans
17,654.0588235294117,428417.9446366781,0.11609274423474723,0.11607077613654157,-684.468711418685,0.11609274423474723,HistGradientBoostingRegressor,7e56bd83460aabc7-Beans
18,1441.333333333333,2799941.777777777,0.3415476912826736,0.2996534996534996,-2.875351941560937,0.3415476912826736,HistGradientBoostingRegressor,7e56bd83460aabc7-Beans
19,2260.210526315789,5108551.6232686965,0.5707602339181286,0.5707602339181286,0.0,0.5707602339181286,HistGradientBoostingRegressor,7e56bd83460aabc7-Beans
20,2147.2,4610467.839999999,0.5422222222222222,0.5422222222222222,0.0,0.5422222222222222,HistGradientBoostingRegressor,7e56bd83460aabc7-Beans
21,2064.9523809523807,4264428.335600906,0.5241388618939639,0.5240995890742083,-10660.070839002265,0.5241388618939639,HistGradientBoostingRegressor,7e56bd83460aabc7-Beans
22,1992.0,3968064.0,0.5081632653061224,0.5081632653061224,0.0,0.5081632653061224,HistGradientBoostingRegressor,7e56bd83460aabc7-Beans
23,1905.391304347826,3630516.0226843096,0.48606921029281275,0.48606921029281275,0.0,0.48606921029281275,HistGradientBoostingRegressor,7e56bd83460aabc7-Beans
24,1826.0,3334276.0,0.4658163265306122,0.4658163265306122,0.0,0.4658163265306122,HistGradientBoostingRegressor,7e56bd83460aabc7-Beans
25,1752.96,3072868.7616000003,0.44718367346938775,0.44718367346938775,0.0,0.44718367346938775,HistGradientBoostingRegressor,7e56bd83460aabc7-Beans
26,1645.538461538462,2709396.828402368,0.4156844583987442,0.41554001554001563,-1692.37301775148,0.4156844583987442,HistGradientBoostingRegressor,7e56bd83460aabc7-Beans
27,2543.1111111111113,7467414.123456791,1.0786666666666667,0.8477037037037037,-6.467414123456791,1.0786666666666667,HistGradientBoostingRegressor,7e56bd83460aabc7-Beans
28,3988.0,16154144.0,3.116,2.6586666666666665,-63.616575999999995,3.116,HistGradientBoostingRegressor,7e56bd83460aabc7-Beans
1,2830.0406091370573,13477177.937282596,0.8971645894839356,0.5062684452839101,-0.9784175125559806,0.8971645894839356,KernelRidge,7e56bd83460aabc7-Beans
2,1817.9763033174286,3701633.348082573,0.23063690475246526,0.2345775875248295,-17.279670854728757,0.23063690475246526,KernelRidge,7e56bd83460aabc7-Beans
3,208.64011799407854,43536.47867664731,0.028580838081380622,0.028580838081380622,0.0,0.028580838081380622,KernelRidge,7e56bd83460aabc7-Beans
4,1486.7590486039408,3675648.806134981,0.273379037308461,0.23599349977840328,-2.6756488061349812,0.273379037308461,KernelRidge,7e56bd83460aabc7-Beans
5,1982.5422153369218,4341961.600094836,0.34333926979440305,0.3223645878596621,-5.009635432657213,0.34333926979440305,KernelRidge,7e56bd83460aabc7-Beans
6,930.9188861986622,904027.8634484243,0.1329884123140946,0.1329884123140946,0.0,0.1329884123140946,KernelRidge,7e56bd83460aabc7-Beans
7,1238.2524366471916,1603410.9538452902,0.1792442409755152,0.17880901612233815,-284.0508362391627,0.1792442409755152,KernelRidge,7e56bd83460aabc7-Beans
8,1483.4476534298155,2226455.342913272,0.2156920350216926,0.2157742041352459,-3561.328548661235,0.2156920350216926,KernelRidge,7e56bd83460aabc7-Beans
9,1870.2270742357705,3701020.347437951,0.2853280602015819,0.28208553155893973,-49.76845469736558,0.2853280602015819,KernelRidge,7e56bd83460aabc7-Beans
10,1643.799771819613,2908022.277683174,0.22440595098428198,0.200953517337361,0.1220799789629351,0.22440595098428198,KernelRidge,7e56bd83460aabc7-Beans
11,3920.0338069575373,21231412.929757807,1.3432670749632876,0.627205409113206,-0.5097893638938886,1.3432670749632876,KernelRidge,7e56bd83460aabc7-Beans
12,5772.675589547725,33925939.67902134,1.8775380613014345,1.6732393013181812,-36.59106889642254,1.8775380613014345,KernelRidge,7e56bd83460aabc7-Beans
13,3710.871261378338,13957018.779959898,0.7645817438616991,0.7436615754265207,-39.09485429462769,0.7645817438616991,KernelRidge,7e56bd83460aabc7-Beans
14,2705.7045157067478,7324552.13995469,0.46830433637804625,0.4673064793966749,-165.08961768604738,0.46830433637804625,KernelRidge,7e56bd83460aabc7-Beans
15,2662.410382829141,7206373.6816217825,0.4616269749196446,0.459036272901576,-179.15934204054457,0.4616269749196446,KernelRidge,7e56bd83460aabc7-Beans
16,2879.1641463108826,8307564.87694968,0.513656882377827,0.5136778137931994,-332301.5950779872,0.513656882377827,KernelRidge,7e56bd83460aabc7-Beans
17,2826.986106287004,8003800.704053529,0.501607231468689,0.501683426137889,-12805.081126485646,0.501607231468689,KernelRidge,7e56bd83460aabc7-Beans
18,3635.34746822156,14176010.928100564,0.8173145091081058,0.7557894944327568,-18.620776371073443,0.8173145091081058,KernelRidge,7e56bd83460aabc7-Beans
19,4477.2124835262075,20061289.620970517,1.1306092130116685,1.1306092130116685,0.0,1.1306092130116685,KernelRidge,7e56bd83460aabc7-Beans
20,4306.053880967433,18556451.558405977,1.0873873436786448,1.0873873436786445,0.0,1.0873873436786448,KernelRidge,7e56bd83460aabc7-Beans
21,4172.954301700469,17431575.22116436,1.0593257374729301,1.059125457284383,-43577.938052910904,1.0593257374729301,KernelRidge,7e56bd83460aabc7-Beans
22,4055.363965372555,16457912.795260597,1.0345316238195292,1.0345316238195292,0.0,1.0345316238195292,KernelRidge,7e56bd83460aabc7-Beans
23,3927.6718871844932,15437555.067432866,1.0019571140776768,1.0019571140776768,0.0,1.0019571140776768,KernelRidge,7e56bd83460aabc7-Beans
24,3811.9496926655993,14541043.617795818,0.9724361460881631,0.9724361460881631,0.0,0.9724361460881631,KernelRidge,7e56bd83460aabc7-Beans
25,3706.6967199633473,13748920.635132572,0.9455858979498335,0.9455858979498335,0.0,0.9455858979498335,KernelRidge,7e56bd83460aabc7-Beans
26,3570.646638271399,12752323.336534759,0.9016353220477539,0.901678444007929,-7969.202085334225,0.9016353220477539,KernelRidge,7e56bd83460aabc7-Beans
27,4442.723900192417,20925179.35293285,1.8022303841086105,1.4809079667308058,-19.92517935293285,1.8022303841086105,KernelRidge,7e56bd83460aabc7-Beans
28,5868.069599619135,34778437.97000427,4.547722992655123,3.91204639974609,-138.11375188001708,4.547722992655123,KernelRidge,7e56bd83460aabc7-Beans
1,2610.0,11031016.0,0.8164527745948601,0.4669051878354204,-0.6193267861599214,0.8164527745948601,Lars,7e56bd83460aabc7-Beans
2,11766.0,141980680.0,1.5374774473772135,1.5181935483870967,-700.1391604938271,1.5374774473772135,Lars,7e56bd83460aabc7-Beans
3,330.33333333333303,128441.1111111109,0.04525114155251138,0.04525114155251137,0.0,0.04525114155251138,Lars,7e56bd83460aabc7-Beans
4,1487.3999999999996,3675007.1199999982,0.27345619023003354,0.23609523809523802,-2.6750071199999983,0.27345619023003354,Lars,7e56bd83460aabc7-Beans
5,1806.0000000000005,3708394.560000002,0.3146911051212939,0.29365853658536595,-4.132726034602078,0.3146911051212939,Lars,7e56bd83460aabc7-Beans
6,507.14285714285734,257217.4693877553,0.07244897959183677,0.07244897959183676,0.0,0.07244897959183677,Lars,7e56bd83460aabc7-Beans
7,107.28571428571468,22001.83673469399,0.01533412781170868,0.015492521918514754,-2.9114376417233756,0.01533412781170868,Lars,7e56bd83460aabc7-Beans
8,125.73809523809496,16066.83106575957,0.018280943817281445,0.01828917748917745,-24.706929705215313,0.018280943817281445,Lars,7e56bd83460aabc7-Beans
9,400.3666666666668,254767.73555555573,0.062378543432686194,0.06038712921065864,-2.494756317634509,0.062378543432686194,Lars,7e56bd83460aabc7-Beans
10,1785.1696969696968,4429245.070119375,0.1977051877263198,0.21823590427502407,-0.3371709546308945,0.1977051877263198,Lars,7e56bd83460aabc7-Beans
11,3769.590909090909,14601634.714876033,1.036290909090909,0.6031345454545455,-0.03833846861340673,1.036290909090909,Lars,7e56bd83460aabc7-Beans
12,4573.469696969697,21673445.980257116,1.5095388429752066,1.3256433904259992,-23.014898593082677,1.5095388429752066,Lars,7e56bd83460aabc7-Beans
13,1428.9340659340655,2401470.2487622253,0.304830277249632,0.2863595322513157,-5.898794164786628,0.304830277249632,Lars,7e56bd83460aabc7-Beans
14,248.66153846153793,61833.53451032458,0.043009484422387556,0.042946725122890834,-0.40212096395293817,0.043009484422387556,Lars,7e56bd83460aabc7-Beans
15,158.21785714285716,49378.17691893425,0.02638266723356009,0.02727894088669951,-0.23445442297335628,0.02638266723356009,Lars,7e56bd83460aabc7-Beans
16,43.31617647058829,3277.5822880622845,0.007734095309246703,0.00772813139528783,-130.1032915224914,0.007734095309246703,Lars,7e56bd83460aabc7-Beans
17,88.99019607843138,12029.070549788532,0.015742240283426537,0.015792403918088976,-18.24651287966165,0.015742240283426537,Lars,7e56bd83460aabc7-Beans
18,811.110423116615,1098187.8330835884,0.19922955979881446,0.16863002559596987,-0.5199831599772851,0.19922955979881446,Lars,7e56bd83460aabc7-Beans
19,1467.9947368421053,2156431.689929209,0.37070574162679426,0.37070574162679426,0.0,0.37070574162679426,Lars,7e56bd83460aabc7-Beans
20,1080.6466165413522,1170147.3910814603,0.2728905597326647,0.2728905597326647,0.0,0.2728905597326647,Lars,7e56bd83460aabc7-Beans
21,781.2835497835504,611686.4621821189,0.1982542872848997,0.1982953172039468,-1528.2161554552972,0.1982542872848997,Lars,7e56bd83460aabc7-Beans
22,536.2529644268766,291246.40753643925,0.13679922561910118,0.13679922561910118,0.0,0.13679922561910118,Lars,7e56bd83460aabc7-Beans
23,307.8863636363617,98877.248170178,0.0785424397031535,0.0785424397031535,0.0,0.0785424397031535,Lars,7e56bd83460aabc7-Beans
24,116.26260869565158,17841.257416256933,0.029658828748890708,0.029658828748890708,0.0,0.029658828748890708,Lars,7e56bd83460aabc7-Beans
25,66.59923076923042,6480.236370414194,0.016989599686028166,0.016989599686028166,0.0,0.016989599686028166,Lars,7e56bd83460aabc7-Beans
26,221.7982905982899,60577.365475929255,0.05574321472178598,0.0560096693430025,-36.86085342245578,0.05574321472178598,Lars,7e56bd83460aabc7-Beans
27,933.7661782661785,1259214.25411212,0.42795360195360194,0.3112553927553928,-0.25921425411212007,0.42795360195360194,Lars,7e56bd83460aabc7-Beans
28,2035.5041050903114,4332429.587808786,1.635357279693486,1.3570027367268742,-16.329718351235144,1.635357279693486,Lars,7e56bd83460aabc7-Beans
1,2610.0,11031016.0,0.8164527745948601,0.4669051878354204,-0.6193267861599214,0.8164527745948601,Lasso,7e56bd83460aabc7-Beans
2,11758.0,141784964.0,1.5364266622118277,1.5171612903225806,-699.172661728395,1.5364266622118277,Lasso,7e56bd83460aabc7-Beans
3,334.08333333333303,130724.7361111109,0.045764840182648356,0.04576484018264836,0.0,0.045764840182648356,Lasso,7e56bd83460aabc7-Beans
4,1485.0,3666906.0,0.2730550529852675,0.2357142857142857,-2.666906,0.2730550529852675,Lasso,7e56bd83460aabc7-Beans
5,1804.2500000000005,3702410.8850000016,0.3144067385444745,0.2933739837398375,-4.124444131487891,0.3144067385444745,Lasso,7e56bd83460aabc7-Beans
6,508.5142857142855,258608.73469387734,0.07264489795918365,0.07264489795918365,0.0,0.07264489795918365,Lasso,7e56bd83460aabc7-Beans
7,107.16071428571422,22206.760841836844,0.015314315507224776,0.015474471376998443,-2.9478685941043277,0.015314315507224776,Lasso,7e56bd83460aabc7-Beans
8,124.78571428571468,15825.193877551123,0.018142464221486812,0.018150649350649407,-24.320310204081796,0.018142464221486812,Lasso,7e56bd83460aabc7-Beans
9,399.5416666666665,254061.71180555533,0.06225344088961806,0.06026269482151833,-2.485071492531623,0.06225344088961806,Lasso,7e56bd83460aabc7-Beans
10,1785.2303030303028,4431083.276179982,0.19769217076424617,0.21824331332888788,-0.3377259015155121,0.19769217076424617,Lasso,7e56bd83460aabc7-Beans
11,3769.5409090909093,14600444.439876035,1.036180909090909,0.6031265454545455,-0.03825382683562917,1.036180909090909,Lasso,7e56bd83460aabc7-Beans
12,4572.882284382284,21668146.302913472,1.5093582326764141,1.3254731259079082,-23.00902637441936,1.5093582326764141,Lasso,7e56bd83460aabc7-Beans
13,1429.4697802197793,2402958.703432554,0.30493829870845984,0.2864668898236031,-5.903070104661172,0.30493829870845984,Lasso,7e56bd83460aabc7-Beans
14,248.63076923076915,61819.44720685904,0.04300725117176729,0.04294141092068552,-0.40180152396505764,0.04300725117176729,Lasso,7e56bd83460aabc7-Beans
15,158.24464285714294,49244.76241000564,0.026390001417233574,0.027283559113300507,-0.23111906025014095,0.026390001417233574,Lasso,7e56bd83460aabc7-Beans
16,43.292647058823604,3307.4324610726376,0.0077299647800296726,0.007723933462769599,-131.29729844290551,0.0077299647800296726,Lasso,7e56bd83460aabc7-Beans
17,88.5943627450979,11956.105935817897,0.015672009814110613,0.0157221584285888,-18.129769497308637,0.015672009814110613,Lasso,7e56bd83460aabc7-Beans
18,811.1289989680085,1098711.139738498,0.19924763540107768,0.1686338875193365,-0.520707459845672,0.19924763540107768,Lasso,7e56bd83460aabc7-Beans
19,1468.3447368421048,2157458.1515373946,0.370794125465178,0.370794125465178,0.0,0.370794125465178,Lasso,7e56bd83460aabc7-Beans
20,1080.9774436090215,1170861.0570207452,0.2729741019214701,0.2729741019214701,0.0,0.2729741019214701,Lasso,7e56bd83460aabc7-Beans
21,781.5971861471858,612175.661916474,0.19833391004309361,0.19837492034192533,-1529.439154791185,0.19833391004309361,Lasso,7e56bd83460aabc7-Beans
22,536.5511010728396,291564.742912109,0.13687528088592849,0.13687528088592849,0.0,0.13687528088592849,Lasso,7e56bd83460aabc7-Beans
23,308.1704545454536,99050.8121636209,0.0786149118738402,0.0786149118738402,0.0,0.0786149118738402,Lasso,7e56bd83460aabc7-Beans
24,116.53391304347815,17903.043869187113,0.02972803904170361,0.02972803904170361,0.0,0.02972803904170361,Lasso,7e56bd83460aabc7-Beans
25,66.58961538461563,6455.543892603594,0.0169871467817897,0.0169871467817897,0.0,0.0169871467817897,Lasso,7e56bd83460aabc7-Beans
26,221.54940170940063,60465.1245186642,0.05568038025466569,0.05594681861348501,-36.79070282416512,0.05568038025466569,Lasso,7e56bd83460aabc7-Beans
27,933.7744200244201,1259527.190608316,0.42798656898656895,0.31125814000814006,-0.2595271906083161,0.42798656898656895,Lasso,7e56bd83460aabc7-Beans
28,2035.733990147783,4333372.170062633,1.635531609195402,1.3571559934318553,-16.333488680250532,1.635531609195402,Lasso,7e56bd83460aabc7-Beans
1,2610.0,11031016.0,0.8164527745948601,0.4669051878354204,-0.6193267861599214,0.8164527745948601,LassoLars,7e56bd83460aabc7-Beans
2,11760.343145750521,141842273.80595252,1.5367344300612007,1.5174636317097447,-699.4556731158149,1.5367344300612007,LassoLars,7e56bd83460aabc7-Beans
3,335.6366341922312,131679.2116841348,0.04597762112222345,0.04597762112222346,0.0,0.04597762112222345,LassoLars,7e56bd83460aabc7-Beans
4,1482.0334368540007,3656908.8274636907,0.2725592200824297,0.23524340267523822,-2.6569088274636905,0.2725592200824297,LassoLars,7e56bd83460aabc7-Beans
5,1800.4660140947058,3689493.886104106,0.31379185904811935,0.29275870147881394,-4.106565932324022,0.31379185904811935,LassoLars,7e56bd83460aabc7-Beans
6,512.8799544676626,263062.9873418777,0.07326856492395181,0.0732685649239518,0.0,0.07326856492395181,LassoLars,7e56bd83460aabc7-Beans
7,108.38151187846643,23115.288447243056,0.015485821668905816,0.015650759838045692,-3.1093846128432103,0.015485821668905816,LassoLars,7e56bd83460aabc7-Beans
8,119.56596123961208,14533.382291279275,0.01738349346491556,0.017391412543943576,-22.25341166604684,0.01738349346491556,LassoLars,7e56bd83460aabc7-Beans
9,393.97624414542497,249334.7584343594,0.06140950330094445,0.05942326457698718,-2.4202298825015007,0.06140950330094445,LassoLars,7e56bd83460aabc7-Beans
10,1785.7201788522602,4445980.507636151,0.1975869552968259,0.21830320034868708,-0.3422233147072067,0.1975869552968259,LassoLars,7e56bd83460aabc7-Beans
11,3769.066504666824,14589193.297920872,1.0351372193579218,0.6030506407466919,-0.03745374562992865,1.0351372193579218,LassoLars,7e56bd83460aabc7-Beans
12,4566.445264085637,21610116.503840666,1.5073790579293609,1.3236073229233731,-22.944727428078302,1.5073790579293609,LassoLars,7e56bd83460aabc7-Beans
13,1436.1612467715113,2421599.175468532,0.3062875664018768,0.2878078650844712,-5.956619291779752,0.3062875664018768,LassoLars,7e56bd83460aabc7-Beans
14,248.19744298064597,61672.738181230656,0.04297580007296801,0.04286657046297858,-0.3984747886900375,0.04297580007296801,LassoLars,7e56bd83460aabc7-Beans
15,158.66606787135788,47200.502478992676,0.026505391599697163,0.02735621859850998,-0.18001256197481696,0.026505391599697163,LassoLars,7e56bd83460aabc7-Beans
16,45.24332001088351,3885.8509929615843,0.008078788523006647,0.008071957183030064,-154.43403971846337,0.008078788523006647,LassoLars,7e56bd83460aabc7-Beans
17,80.99475466889453,10616.18812905592,0.014323654340067693,0.01437351458188013,-15.98590100648947,0.014323654340067693,LassoLars,7e56bd83460aabc7-Beans
18,811.5193028819972,1109770.5191595848,0.19962742840015377,0.168715031784199,-0.5360145593904289,0.19962742840015377,LassoLars,7e56bd83460aabc7-Beans
19,1476.3508723125246,2181005.176992406,0.3728158768465971,0.3728158768465971,0.0,0.3728158768465971,LassoLars,7e56bd83460aabc7-Beans
20,1089.1778506189776,1188621.2226520767,0.27504491177246904,0.2750449117724691,0.0,0.27504491177246904,LassoLars,7e56bd83460aabc7-Beans
21,789.9866056731894,625334.355507653,0.20046372915770067,0.20050421463786533,-1562.3358887691325,0.20046372915770067,LassoLars,7e56bd83460aabc7-Beans
22,545.1247215546482,300795.4205072833,0.1390624289680225,0.1390624289680225,0.0,0.1390624289680225,LassoLars,7e56bd83460aabc7-Beans
23,316.92384870487786,104477.89205013114,0.08084792058797904,0.08084792058797904,0.0,0.08084792058797904,LassoLars,7e56bd83460aabc7-Beans
24,125.4629867597173,20018.810356432557,0.03200586396931564,0.03200586396931564,0.0,0.03200586396931564,LassoLars,7e56bd83460aabc7-Beans
25,66.25254314659014,5675.243325955877,0.016901158965966872,0.016901158965966872,0.0,0.016901158965966872,LassoLars,7e56bd83460aabc7-Beans
26,212.28012083958492,56373.31336381674,0.0533402584169963,0.053606091121107306,-34.23332085238546,0.0533402584169963,LassoLars,7e56bd83460aabc7-Beans
27,934.0997404586756,1271970.8558354764,0.4292878507235919,0.31136658015289187,-0.27197085583547653,0.4292878507235919,LassoLars,7e56bd83460aabc7-Beans
28,2045.330178779123,4372813.175110923,1.6428087189075016,1.3635534525194153,-16.49125270044369,1.6428087189075016,LassoLars,7e56bd83460aabc7-Beans
1,2610.0,11031016.0,0.8164527745948601,0.4669051878354204,-0.6193267861599214,0.8164527745948601,LassoLarsIC,7e56bd83460aabc7-Beans
2,2438.0,6146344.0,0.3122619445372536,0.3145806451612903,-29.352316049382715,0.3122619445372536,LassoLarsIC,7e56bd83460aabc7-Beans
3,1025.333333333333,1051308.4444444438,0.14045662100456616,0.14045662100456616,0.0,0.14045662100456616,LassoLarsIC,7e56bd83460aabc7-Beans
4,1000.0,1053361.0,0.16880330834841045,0.15873015873015872,-0.05336099999999999,0.16880330834841045,LassoLarsIC,7e56bd83460aabc7-Beans
5,850.0,1008511.0400000002,0.15315579514824798,0.13821138211382114,-0.3958630311418687,0.15315579514824798,LassoLarsIC,7e56bd83460aabc7-Beans
6,546.0,298116.0,0.078,0.078,0.0,0.078,LassoLarsIC,7e56bd83460aabc7-Beans
7,393.0,160074.0,0.05664025026068821,0.05675090252707581,-27.4576,0.05664025026068821,LassoLarsIC,7e56bd83460aabc7-Beans
8,284.5,81565.25,0.041369142071300116,0.04138181818181818,-129.5044,0.041369142071300116,LassoLarsIC,7e56bd83460aabc7-Beans
9,270.0,73013.77777777778,0.040726004922067266,0.04072398190045249,-0.0015607376924249294,0.040726004922067266,LassoLarsIC,7e56bd83460aabc7-Beans
10,1820.0,5661262.760000001,0.19022433962264151,0.22249388753056235,-0.7091120516845795,0.19022433962264151,LassoLarsIC,7e56bd83460aabc7-Beans
11,3750.0,14200343.438016528,0.993190909090909,0.6,-0.009802200036730824,0.993190909090909,LassoLarsIC,7e56bd83460aabc7-Beans
12,3452.833333333333,12824558.027777776,1.1649795454545453,1.0008212560386474,-13.210036595875652,1.1649795454545453,LassoLarsIC,7e56bd83460aabc7-Beans
13,1574.1538461538457,2826060.3313609455,0.3341124019349825,0.31546169261600115,-7.118530110200934,0.3341124019349825,LassoLarsIC,7e56bd83460aabc7-Beans
14,619.5714285714284,427968.75510204065,0.1084653097798259,0.10700715519368367,-8.704506918413621,0.1084653097798259,LassoLarsIC,7e56bd83460aabc7-Beans
15,554.2666666666664,347211.53777777747,0.09686746031746027,0.09556321839080456,-7.680288444444436,0.09686746031746027,LassoLarsIC,7e56bd83460aabc7-Beans
16,727.125,528735.765625,0.1297288205054749,0.1297279214986619,-21148.430625,0.1297288205054749,LassoLarsIC,7e56bd83460aabc7-Beans
17,654.0588235294117,428417.9446366781,0.11609274423474723,0.11607077613654157,-684.468711418685,0.11609274423474723,LassoLarsIC,7e56bd83460aabc7-Beans
18,1441.333333333333,2799941.777777777,0.3415476912826736,0.2996534996534996,-2.875351941560937,0.3415476912826736,LassoLarsIC,7e56bd83460aabc7-Beans
19,2260.210526315789,5108551.6232686965,0.5707602339181286,0.5707602339181286,0.0,0.5707602339181286,LassoLarsIC,7e56bd83460aabc7-Beans
20,1080.6466165413522,1170147.3910814603,0.2728905597326647,0.2728905597326647,0.0,0.2728905597326647,LassoLarsIC,7e56bd83460aabc7-Beans
21,781.2835497835504,611686.4621821189,0.1982542872848997,0.1982953172039468,-1528.2161554552972,0.1982542872848997,LassoLarsIC,7e56bd83460aabc7-Beans
22,536.2529644268766,291246.40753643925,0.13679922561910118,0.13679922561910118,0.0,0.13679922561910118,LassoLarsIC,7e56bd83460aabc7-Beans
23,307.8863636363617,98877.248170178,0.0785424397031535,0.0785424397031535,0.0,0.0785424397031535,LassoLarsIC,7e56bd83460aabc7-Beans
24,116.26260869565158,17841.257416256933,0.029658828748890708,0.029658828748890708,0.0,0.029658828748890708,LassoLarsIC,7e56bd83460aabc7-Beans
25,66.59923076923042,6480.236370414194,0.016989599686028166,0.016989599686028166,0.0,0.016989599686028166,LassoLarsIC,7e56bd83460aabc7-Beans
26,221.7982905982899,60577.365475929255,0.05574321472178598,0.0560096693430025,-36.86085342245578,0.05574321472178598,LassoLarsIC,7e56bd83460aabc7-Beans
27,933.7661782661785,1259214.25411212,0.42795360195360194,0.3112553927553928,-0.25921425411212007,0.42795360195360194,LassoLarsIC,7e56bd83460aabc7-Beans
28,2035.5041050903114,4332429.587808786,1.635357279693486,1.3570027367268742,-16.329718351235144,1.635357279693486,LassoLarsIC,7e56bd83460aabc7-Beans
1,2610.0,11031016.0,0.8164527745948601,0.4669051878354204,-0.6193267861599214,0.8164527745948601,LinearRegression,7e56bd83460aabc7-Beans
2,11766.0,141980680.0,1.5374774473772135,1.5181935483870967,-700.1391604938271,1.5374774473772135,LinearRegression,7e56bd83460aabc7-Beans
3,330.33333333333303,128441.1111111109,0.04525114155251138,0.04525114155251137,0.0,0.04525114155251138,LinearRegression,7e56bd83460aabc7-Beans
4,1487.3999999999996,3675007.1199999982,0.27345619023003354,0.23609523809523802,-2.6750071199999983,0.27345619023003354,LinearRegression,7e56bd83460aabc7-Beans
5,1805.9999999999995,3708394.5599999987,0.3146911051212937,0.2936585365853658,-4.132726034602074,0.3146911051212937,LinearRegression,7e56bd83460aabc7-Beans
6,507.14285714285734,257217.4693877553,0.07244897959183677,0.07244897959183676,0.0,0.07244897959183677,LinearRegression,7e56bd83460aabc7-Beans
7,107.28571428571468,22001.83673469399,0.01533412781170868,0.015492521918514754,-2.9114376417233756,0.01533412781170868,LinearRegression,7e56bd83460aabc7-Beans
8,125.73809523809496,16066.83106575957,0.018280943817281445,0.01828917748917745,-24.706929705215313,0.018280943817281445,LinearRegression,7e56bd83460aabc7-Beans
9,400.3666666666668,254767.73555555573,0.062378543432686194,0.06038712921065864,-2.494756317634509,0.062378543432686194,LinearRegression,7e56bd83460aabc7-Beans
10,1785.1696969696968,4429245.070119375,0.1977051877263198,0.21823590427502407,-0.3371709546308945,0.1977051877263198,LinearRegression,7e56bd83460aabc7-Beans
11,3769.590909090909,14601634.714876033,1.036290909090909,0.6031345454545455,-0.03833846861340673,1.036290909090909,LinearRegression,7e56bd83460aabc7-Beans
12,4573.469696969696,21673445.980257113,1.5095388429752066,1.3256433904259988,-23.014898593082673,1.5095388429752066,LinearRegression,7e56bd83460aabc7-Beans
13,1428.934065934066,2401470.248762227,0.30483027724963213,0.28635953225131583,-5.898794164786634,0.30483027724963213,LinearRegression,7e56bd83460aabc7-Beans
14,248.66153846153838,61833.534510324804,0.04300948442238763,0.04294672512289091,-0.4021209639529435,0.04300948442238763,LinearRegression,7e56bd83460aabc7-Beans
15,158.2178571428567,49378.176918934245,0.02638266723356001,0.02727894088669943,-0.23445442297335606,0.02638266723356001,LinearRegression,7e56bd83460aabc7-Beans
16,43.31617647058829,3277.5822880622845,0.007734095309246703,0.00772813139528783,-130.1032915224914,0.007734095309246703,LinearRegression,7e56bd83460aabc7-Beans
17,88.99019607843184,12029.07054978867,0.015742240283426617,0.015792403918089056,-18.24651287966187,0.015742240283426617,LinearRegression,7e56bd83460aabc7-Beans
18,811.110423116615,1098187.8330835898,0.1992295597988145,0.16863002559596987,-0.5199831599772868,0.1992295597988145,LinearRegression,7e56bd83460aabc7-Beans
19,1467.9947368421053,2156431.689929209,0.37070574162679426,0.37070574162679426,0.0,0.37070574162679426,LinearRegression,7e56bd83460aabc7-Beans
20,1080.6466165413526,1170147.3910814612,0.2728905597326648,0.2728905597326648,0.0,0.2728905597326648,LinearRegression,7e56bd83460aabc7-Beans
21,781.2835497835504,611686.4621821189,0.1982542872848997,0.1982953172039468,-1528.2161554552972,0.1982542872848997,LinearRegression,7e56bd83460aabc7-Beans
22,536.2529644268784,291246.4075364412,0.13679922561910163,0.13679922561910163,0.0,0.13679922561910163,LinearRegression,7e56bd83460aabc7-Beans
23,307.8863636363635,98877.24817017911,0.07854243970315396,0.07854243970315396,0.0,0.07854243970315396,LinearRegression,7e56bd83460aabc7-Beans
24,116.26260869565158,17841.257416256933,0.029658828748890708,0.029658828748890708,0.0,0.029658828748890708,LinearRegression,7e56bd83460aabc7-Beans
25,66.59923076923087,6480.23637041405,0.016989599686028284,0.016989599686028284,0.0,0.016989599686028284,LinearRegression,7e56bd83460aabc7-Beans
26,221.798290598289,60577.36547592885,0.05574321472178574,0.05600966934300227,-36.86085342245553,0.05574321472178574,LinearRegression,7e56bd83460aabc7-Beans
27,933.7661782661785,1259214.254112121,0.42795360195360205,0.3112553927553928,-0.25921425411212096,0.42795360195360205,LinearRegression,7e56bd83460aabc7-Beans
28,2035.5041050903124,4332429.58780879,1.635357279693487,1.3570027367268749,-16.329718351235158,1.635357279693487,LinearRegression,7e56bd83460aabc7-Beans
1,5372.0,35633993.0,0.9508778032411196,0.9610017889087656,-4.230985011964005,0.9508778032411196,LinearSVR,7e56bd83460aabc7-Beans
2,7269.5,53061390.5,0.9376812562646174,0.938,-261.0315580246914,0.9376812562646174,LinearSVR,7e56bd83460aabc7-Beans
3,6509.5,42374096.5,0.8917123287671233,0.8917123287671233,0.0,0.8917123287671233,LinearSVR,7e56bd83460aabc7-Beans
4,5149.0,27575162.0,0.8117782372706126,0.8173015873015873,-26.575162,0.8117782372706126,LinearSVR,7e56bd83460aabc7-Beans
5,4585.0,21678325.0,0.741489218328841,0.7455284552845528,-29.004602076124566,0.741489218328841,LinearSVR,7e56bd83460aabc7-Beans
6,4964.5,24648710.5,0.7092142857142858,0.7092142857142857,0.0,0.7092142857142858,LinearSVR,7e56bd83460aabc7-Beans
7,4359.5,19023330.5,0.6293941605839416,0.6295306859205776,-3380.925422222222,0.6293941605839416,LinearSVR,7e56bd83460aabc7-Beans
8,3717.0,13818114.0,0.5406854966677246,0.5406545454545455,-22107.9824,0.5406854966677246,LinearSVR,7e56bd83460aabc7-Beans
9,2814.0,8041797.0,0.4229799015586546,0.4244343891402715,-109.31271604938271,0.4229799015586546,LinearSVR,7e56bd83460aabc7-Beans
10,3637.5,16215662.5,0.4184072327044025,0.44468215158924207,-3.895442126554764,0.4184072327044025,LinearSVR,7e56bd83460aabc7-Beans
11,3848.9911504424776,16233656.583287649,0.7835699115044247,0.6158385840707964,-0.15439335703378831,0.7835699115044247,LinearSVR,7e56bd83460aabc7-Beans
12,1966.0,4584260.0,0.6898454545454545,0.5698550724637681,-4.079512465373961,0.6898454545454545,LinearSVR,7e56bd83460aabc7-Beans
13,491.0110619469028,457059.7491679062,0.11096171535509249,0.09839901041020097,-0.31301278129246235,0.11096171535509249,LinearSVR,7e56bd83460aabc7-Beans
14,621.5,400542.5,0.10673207885304659,0.10734024179620034,-8.082596371882087,0.10673207885304659,LinearSVR,7e56bd83460aabc7-Beans
15,298.99115044247765,91970.5969144019,0.05191361146228399,0.05155019835215132,-1.2992649228600475,0.05191361146228399,LinearSVR,7e56bd83460aabc7-Beans
16,472.3503184713377,232039.4162943731,0.08425805910088414,0.08427302738114856,-9280.576651774923,0.08425805910088414,LinearSVR,7e56bd83460aabc7-Beans
17,611.634955752213,379571.68205223663,0.10848602168680338,0.10854213944138652,-606.3146912835787,0.10848602168680338,LinearSVR,7e56bd83460aabc7-Beans
18,1255.8074361820204,2466605.9077760447,0.30526649142424517,0.2610826270648691,-2.4139874156069823,0.30526649142424517,LinearSVR,7e56bd83460aabc7-Beans
19,2292.122641509434,5262505.059629761,0.5788188488660186,0.5788188488660186,0.0,0.5788188488660186,LinearSVR,7e56bd83460aabc7-Beans
20,2282.226611226611,5216715.661887699,0.5763198513198513,0.5763198513198513,0.0,0.5763198513198513,LinearSVR,7e56bd83460aabc7-Beans
21,2482.848752598752,6176707.664645832,0.6303230271980271,0.6301646580199879,-15440.76916161458,0.6303230271980271,LinearSVR,7e56bd83460aabc7-Beans
22,2534.480487804878,6431383.926341464,0.6465511448481831,0.6465511448481832,0.0,0.6465511448481831,LinearSVR,7e56bd83460aabc7-Beans
23,2711.010243902439,7357368.781335396,0.6915842458934793,0.6915842458934793,0.0,0.6915842458934793,LinearSVR,7e56bd83460aabc7-Beans
24,2349.7109589041097,5527749.94402327,0.5994160609449259,0.5994160609449259,0.0,0.5994160609449259,LinearSVR,7e56bd83460aabc7-Beans
25,2512.1061643835624,6317284.509875216,0.6408434092815211,0.6408434092815211,0.0,0.6408434092815211,LinearSVR,7e56bd83460aabc7-Beans
26,1436.499999999999,2064234.4999999972,0.36272193877550996,0.36275252525252505,-1289.1465624999983,0.36272193877550996,LinearSVR,7e56bd83460aabc7-Beans
27,1977.4733944954128,5033685.965457452,0.8740339449541283,0.6591577981651376,-4.033685965457453,0.8740339449541283,LinearSVR,7e56bd83460aabc7-Beans
28,3525.000000000001,12738106.000000007,2.7835000000000005,2.3500000000000005,-49.95242400000003,2.7835000000000005,LinearSVR,7e56bd83460aabc7-Beans
1,5524.217332281782,37318540.28780312,0.9851671856911932,0.9882320809090843,-4.4782725279727424,0.9851671856911932,MLPRegressor,7e56bd83460aabc7-Beans
2,7680.708865295866,59197594.372979775,0.9910139134652882,0.9910592084252731,-291.33379937273963,0.9910139134652882,MLPRegressor,7e56bd83460aabc7-Beans
3,7219.250998060668,52117589.87546216,0.9889384928850231,0.988938492885023,0.0,0.9889384928850231,MLPRegressor,7e56bd83460aabc7-Beans
4,6225.594155490175,39761890.056964844,0.9878343580149742,0.9881895484905039,-38.761890056964845,0.9878343580149742,MLPRegressor,7e56bd83460aabc7-Beans
5,6085.637069477039,37754789.282103986,0.9893669504176137,0.989534482841795,-51.25576371225465,0.9893669504176137,MLPRegressor,7e56bd83460aabc7-Beans
6,6917.717695221116,47854821.844343565,0.988245385031588,0.988245385031588,0.0,0.988245385031588,MLPRegressor,7e56bd83460aabc7-Beans
7,6849.620968114026,46923188.77030109,0.9891110208672367,0.9891149412439028,-8340.900225831305,0.9891110208672367,MLPRegressor,7e56bd83460aabc7-Beans
8,6774.085712390126,45888759.23748478,0.9853225027065091,0.9853215581658366,-73421.01477997565,0.9853225027065091,MLPRegressor,7e56bd83460aabc7-Beans
9,6545.484565006609,42917212.07293463,0.9872206782133747,0.9872525739074826,-587.7134715080196,0.9872206782133747,MLPRegressor,7e56bd83460aabc7-Beans
10,8051.985113678769,68137689.26160693,0.9836073728880198,0.9843502583959376,-19.57048945224216,0.9836073728880198,MLPRegressor,7e56bd83460aabc7-Beans
11,6123.428402023586,51576967.10248272,0.9679953826524741,0.9797485443237738,-2.667695438398771,0.9679953826524741,MLPRegressor,7e56bd83460aabc7-Beans
12,3310.0582945966253,11854119.14731002,0.9563307080837025,0.9594371868396016,-12.13475805796124,0.9563307080837025,MLPRegressor,7e56bd83460aabc7-Beans
13,4843.637490581004,23805876.596316062,0.9703151759399975,0.9706688357877764,-67.38803963319754,0.9703151759399975,MLPRegressor,7e56bd83460aabc7-Beans
14,5663.618168504665,32119772.94600768,0.9781571209759723,0.9781723952512374,-727.3395225852082,0.9781571209759723,MLPRegressor,7e56bd83460aabc7-Beans
15,5664.807153099249,32130941.35927733,0.9766498023654335,0.9766908884653878,-802.2735339819333,0.9766498023654335,MLPRegressor,7e56bd83460aabc7-Beans
16,5473.138553074061,29955253.931321908,0.9764746363729289,0.9764743181220448,-1198209.1572528763,0.9764746363729289,MLPRegressor,7e56bd83460aabc7-Beans
17,5503.643360445403,30290617.43841349,0.9766902967161701,0.9766891500346767,-48463.98790146158,0.9766902967161701,MLPRegressor,7e56bd83460aabc7-Beans
18,4678.4720620619255,22613966.786761153,0.9716988613375291,0.9726553143579887,-30.299608009357996,0.9716988613375291,MLPRegressor,7e56bd83460aabc7-Beans
19,3828.568577381825,14657940.980291262,0.9668102468135922,0.9668102468135922,0.0,0.9668102468135922,MLPRegressor,7e56bd83460aabc7-Beans
20,3781.0796643972617,14296569.854036737,0.9548180970700155,0.9548180970700155,0.0,0.9548180970700155,MLPRegressor,7e56bd83460aabc7-Beans
21,3813.092725722106,14540148.908320267,0.9677869558016938,0.967790031909164,-36349.37227080067,0.9677869558016938,MLPRegressor,7e56bd83460aabc7-Beans
22,3731.858443147021,13926773.82555579,0.9520047048844441,0.9520047048844441,0.0,0.9520047048844441,MLPRegressor,7e56bd83460aabc7-Beans
23,3770.1384126146477,14213947.464835495,0.9617700032180223,0.9617700032180224,0.0,0.9617700032180223,MLPRegressor,7e56bd83460aabc7-Beans
24,3725.712289793639,13880938.158526478,0.9504368086208262,0.9504368086208262,0.0,0.9504368086208262,MLPRegressor,7e56bd83460aabc7-Beans
25,3734.18920989691,13944174.37208074,0.9525992882390076,0.9525992882390076,0.0,0.9525992882390076,MLPRegressor,7e56bd83460aabc7-Beans
26,3804.006409219497,14471917.645126447,0.960608463777047,0.9606076790958326,-9043.94852820403,0.960608463777047,MLPRegressor,7e56bd83460aabc7-Beans
27,2839.2104654135933,9064907.496869393,0.9394671843415574,0.9464034884711977,-8.064907496869393,0.9394671843415574,MLPRegressor,7e56bd83460aabc7-Beans
28,1307.5557115935108,1961934.5420833128,0.8551098735003682,0.8717038077290071,-6.847738168333251,0.8551098735003682,MLPRegressor,7e56bd83460aabc7-Beans
1,2610.0,11031016.0,0.8164527745948601,0.4669051878354204,-0.6193267861599214,0.8164527745948601,NuSVR,7e56bd83460aabc7-Beans
2,2438.004578909722,6146370.447773846,0.3122625029413012,0.31458123598835125,-29.35244665567331,0.3122625029413012,NuSVR,7e56bd83460aabc7-Beans
3,1709.916326704054,2923813.851022822,0.23423511324713067,0.23423511324713067,0.0,0.23423511324713067,NuSVR,7e56bd83460aabc7-Beans
4,999.9803641034327,1053331.1444391476,0.16880063772481854,0.1587270419211798,-0.05333114443914755,0.16880063772481854,NuSVR,7e56bd83460aabc7-Beans
5,1321.9872475677062,2470132.761068872,0.23861759600153348,0.2149572760272693,-2.4188688734517263,0.23861759600153348,NuSVR,7e56bd83460aabc7-Beans
6,528.0315774403662,278817.3593433167,0.07543308249148088,0.07543308249148088,0.0,0.07543308249148088,NuSVR,7e56bd83460aabc7-Beans
7,453.0145959518286,210861.87128593697,0.0653074819219494,0.06541727017354926,-36.486554895277685,0.0653074819219494,NuSVR,7e56bd83460aabc7-Beans
8,63.818563863539566,4694.520045288003,0.00926963447065,0.009282700198333028,-6.511232072460804,0.00926963447065,NuSVR,7e56bd83460aabc7-Beans
9,445.13837656345686,271085.95396381454,0.068913187585592,0.06714002663098897,-2.7186001915475244,0.068913187585592,NuSVR,7e56bd83460aabc7-Beans
10,1819.914934743119,4532829.426210059,0.20245345381858165,0.2224834883549045,-0.36844264769051405,0.20245345381858165,NuSVR,7e56bd83460aabc7-Beans
11,3750.095601549057,14399217.443453927,1.0244722155559192,0.6000152962478491,-0.023944351534501473,1.0244722155559192,NuSVR,7e56bd83460aabc7-Beans
12,3588.877054372736,13782489.218344793,1.2076455627927478,1.040254218658764,-14.27145619761196,1.2076455627927478,NuSVR,7e56bd83460aabc7-Beans
13,1839.8589609421997,3733173.798357209,0.38811472043751716,0.3687092106096593,-9.724429182295918,0.38811472043751716,NuSVR,7e56bd83460aabc7-Beans
14,508.40342482309825,302539.20481743827,0.08923949843211186,0.08780715454630367,-5.860299428966854,0.08923949843211186,NuSVR,7e56bd83460aabc7-Beans
15,498.54016026497857,288586.68514021597,0.08724866429324761,0.08595520004568596,-6.2146671285054,0.08724866429324761,NuSVR,7e56bd83460aabc7-Beans
16,764.0460440052898,583790.2541037018,0.13631597016798613,0.13631508367623368,-23350.61016414807,0.13631597016798613,NuSVR,7e56bd83460aabc7-Beans
17,804.4056058891751,647687.3595487929,0.1427740585742769,0.14275166031751113,-1035.2997752780686,0.1427740585742769,NuSVR,7e56bd83460aabc7-Beans
18,1629.445391350257,3377798.7796758246,0.38192149289539035,0.33876203562375407,-3.6751540203125597,0.38192149289539035,NuSVR,7e56bd83460aabc7-Beans
19,2479.504573902989,6147942.945459569,0.6261375186623709,0.6261375186623709,0.0,0.6261375186623709,NuSVR,7e56bd83460aabc7-Beans
20,2333.2213492533438,5443921.873398929,0.589197310417511,0.589197310417511,0.0,0.589197310417511,NuSVR,7e56bd83460aabc7-Beans
21,2206.0477104150204,4867051.929642752,0.5599509562715271,0.5599105863997513,-12166.62982410688,0.5599509562715271,NuSVR,7e56bd83460aabc7-Beans
22,1776.7635282191868,3156888.6640551127,0.45325600209673134,0.45325600209673134,0.0,0.45325600209673134,NuSVR,7e56bd83460aabc7-Beans
23,1557.42480005975,2425572.0457055755,0.39730224491320154,0.39730224491320154,0.0,0.39730224491320154,NuSVR,7e56bd83460aabc7-Beans
24,1557.2643705995793,2425072.360132082,0.3972613190305049,0.39726131903050493,0.0,0.3972613190305049,NuSVR,7e56bd83460aabc7-Beans
25,1556.8200776504705,2423688.7922987673,0.39714797899246695,0.39714797899246695,0.0,0.39714797899246695,NuSVR,7e56bd83460aabc7-Beans
26,1516.090897729749,2300115.905656165,0.38299184205262227,0.3828512368004417,-1436.572441035103,0.38299184205262227,NuSVR,7e56bd83460aabc7-Beans
27,2456.3692824232267,7034160.370244947,1.0461641231918875,0.8187897608077422,-6.034160370244948,1.0461641231918875,NuSVR,7e56bd83460aabc7-Beans
28,3941.4342359127354,15785139.15901646,3.0811344938446985,2.627622823941824,-62.14055663606584,3.0811344938446985,NuSVR,7e56bd83460aabc7-Beans
1,2610.0,11031016.0,0.8164527745948601,0.4669051878354204,-0.6193267861599214,0.8164527745948601,OrthogonalMatchingPursuit,7e56bd83460aabc7-Beans
2,11766.0,141980680.0,1.5374774473772135,1.5181935483870967,-700.1391604938271,1.5374774473772135,OrthogonalMatchingPursuit,7e56bd83460aabc7-Beans
3,330.33333333333303,128441.1111111109,0.04525114155251138,0.04525114155251137,0.0,0.04525114155251138,OrthogonalMatchingPursuit,7e56bd83460aabc7-Beans
4,1487.3999999999996,3675007.1199999982,0.27345619023003354,0.23609523809523802,-2.6750071199999983,0.27345619023003354,OrthogonalMatchingPursuit,7e56bd83460aabc7-Beans
5,1806.0000000000005,3708394.560000002,0.3146911051212939,0.29365853658536595,-4.132726034602078,0.3146911051212939,OrthogonalMatchingPursuit,7e56bd83460aabc7-Beans
6,507.14285714285734,257217.4693877553,0.07244897959183677,0.07244897959183676,0.0,0.07244897959183677,OrthogonalMatchingPursuit,7e56bd83460aabc7-Beans
7,107.28571428571468,22001.83673469399,0.01533412781170868,0.015492521918514754,-2.9114376417233756,0.01533412781170868,OrthogonalMatchingPursuit,7e56bd83460aabc7-Beans
8,125.73809523809496,16066.83106575957,0.018280943817281445,0.01828917748917745,-24.706929705215313,0.018280943817281445,OrthogonalMatchingPursuit,7e56bd83460aabc7-Beans
9,400.3666666666668,254767.73555555573,0.062378543432686194,0.06038712921065864,-2.494756317634509,0.062378543432686194,OrthogonalMatchingPursuit,7e56bd83460aabc7-Beans
10,1785.1696969696968,4429245.070119375,0.1977051877263198,0.21823590427502407,-0.3371709546308945,0.1977051877263198,OrthogonalMatchingPursuit,7e56bd83460aabc7-Beans
11,3769.590909090909,14601634.714876033,1.036290909090909,0.6031345454545455,-0.03833846861340673,1.036290909090909,OrthogonalMatchingPursuit,7e56bd83460aabc7-Beans
12,4573.469696969697,21673445.980257116,1.5095388429752066,1.3256433904259992,-23.014898593082677,1.5095388429752066,OrthogonalMatchingPursuit,7e56bd83460aabc7-Beans
13,1428.9340659340655,2401470.2487622253,0.304830277249632,0.2863595322513157,-5.898794164786628,0.304830277249632,OrthogonalMatchingPursuit,7e56bd83460aabc7-Beans
14,248.66153846153793,61833.53451032458,0.043009484422387556,0.042946725122890834,-0.40212096395293817,0.043009484422387556,OrthogonalMatchingPursuit,7e56bd83460aabc7-Beans
15,158.21785714285716,49378.17691893425,0.02638266723356009,0.02727894088669951,-0.23445442297335628,0.02638266723356009,OrthogonalMatchingPursuit,7e56bd83460aabc7-Beans
16,43.31617647058829,3277.5822880622845,0.007734095309246703,0.00772813139528783,-130.1032915224914,0.007734095309246703,OrthogonalMatchingPursuit,7e56bd83460aabc7-Beans
17,88.99019607843138,12029.070549788532,0.015742240283426537,0.015792403918088976,-18.24651287966165,0.015742240283426537,OrthogonalMatchingPursuit,7e56bd83460aabc7-Beans
18,811.110423116615,1098187.8330835884,0.19922955979881446,0.16863002559596987,-0.5199831599772851,0.19922955979881446,OrthogonalMatchingPursuit,7e56bd83460aabc7-Beans
19,1467.9947368421053,2156431.689929209,0.37070574162679426,0.37070574162679426,0.0,0.37070574162679426,OrthogonalMatchingPursuit,7e56bd83460aabc7-Beans
20,1080.6466165413522,1170147.3910814603,0.2728905597326647,0.2728905597326647,0.0,0.2728905597326647,OrthogonalMatchingPursuit,7e56bd83460aabc7-Beans
21,781.2835497835504,611686.4621821189,0.1982542872848997,0.1982953172039468,-1528.2161554552972,0.1982542872848997,OrthogonalMatchingPursuit,7e56bd83460aabc7-Beans
22,536.2529644268766,291246.40753643925,0.13679922561910118,0.13679922561910118,0.0,0.13679922561910118,OrthogonalMatchingPursuit,7e56bd83460aabc7-Beans
23,307.8863636363617,98877.248170178,0.0785424397031535,0.0785424397031535,0.0,0.0785424397031535,OrthogonalMatchingPursuit,7e56bd83460aabc7-Beans
24,116.26260869565158,17841.257416256933,0.029658828748890708,0.029658828748890708,0.0,0.029658828748890708,OrthogonalMatchingPursuit,7e56bd83460aabc7-Beans
25,66.59923076923042,6480.236370414194,0.016989599686028166,0.016989599686028166,0.0,0.016989599686028166,OrthogonalMatchingPursuit,7e56bd83460aabc7-Beans
26,221.7982905982899,60577.365475929255,0.05574321472178598,0.0560096693430025,-36.86085342245578,0.05574321472178598,OrthogonalMatchingPursuit,7e56bd83460aabc7-Beans
27,933.7661782661785,1259214.25411212,0.42795360195360194,0.3112553927553928,-0.25921425411212007,0.42795360195360194,OrthogonalMatchingPursuit,7e56bd83460aabc7-Beans
28,2035.5041050903114,4332429.587808786,1.635357279693486,1.3570027367268742,-16.329718351235144,1.635357279693486,OrthogonalMatchingPursuit,7e56bd83460aabc7-Beans
1,2868.9498802582248,13698905.398864973,0.906065139410788,0.5132289589012925,-1.0109665740175533,0.906065139410788,PassiveAggressiveRegressor,7e56bd83460aabc7-Beans
2,4480.872374500744,20377047.560344353,0.5760235000719693,0.5781770805807411,-99.6273953597252,0.5760235000719693,PassiveAggressiveRegressor,7e56bd83460aabc7-Beans
3,1906.805144916836,3703673.098461546,0.26120618423518305,0.26120618423518305,0.0,0.26120618423518305,PassiveAggressiveRegressor,7e56bd83460aabc7-Beans
4,1900.9516256925272,5104146.4448962435,0.34109246883356714,0.30173835328452814,-4.1041464448962435,0.34109246883356714,PassiveAggressiveRegressor,7e56bd83460aabc7-Beans
5,1867.5611735918455,3903942.5373310177,0.32436222950487764,0.30366848351086917,-4.403380674506598,0.32436222950487764,PassiveAggressiveRegressor,7e56bd83460aabc7-Beans
6,1345.6372959191526,1851900.4217580413,0.1922338994170218,0.1922338994170218,0.0,0.1922338994170218,PassiveAggressiveRegressor,7e56bd83460aabc7-Beans
7,958.4003773983945,980534.2117064525,0.13880287599352692,0.13839716641132052,-173.31719319225823,0.13880287599352692,PassiveAggressiveRegressor,7e56bd83460aabc7-Beans
8,1336.8215248950437,1811704.786513011,0.1943663567370063,0.1944467672574609,-2897.7276584208175,0.1943663567370063,PassiveAggressiveRegressor,7e56bd83460aabc7-Beans
9,1072.13028675665,1337280.7759376403,0.16464397392937327,0.16170894219557316,-17.344043565674077,0.16464397392937327,PassiveAggressiveRegressor,7e56bd83460aabc7-Beans
10,1683.767185112797,3595252.6265987284,0.1916098703644969,0.20583950918249352,-0.08539205005395734,0.1916098703644969,PassiveAggressiveRegressor,7e56bd83460aabc7-Beans
11,3907.461132871605,18530539.385033548,1.2477923117753236,0.6251937812594568,-0.31772724515794115,1.2477923117753236,PassiveAggressiveRegressor,7e56bd83460aabc7-Beans
12,5194.574877617142,27603435.08299361,1.6972008782012917,1.5056738775701861,-29.58552363766605,1.6972008782012917,PassiveAggressiveRegressor,7e56bd83460aabc7-Beans
13,4554.261652702939,20915172.220865123,0.9356380067464117,0.9126776859124125,-59.08380413922759,0.9356380067464117,PassiveAggressiveRegressor,7e56bd83460aabc7-Beans
14,2752.722063880412,7581151.96858312,0.4764333398570028,0.4754269540380677,-170.90820790437914,0.4764333398570028,PassiveAggressiveRegressor,7e56bd83460aabc7-Beans
15,3723.9161518607107,13997715.502781214,0.644966374299532,0.6420545089415018,-348.94288756953034,0.644966374299532,PassiveAggressiveRegressor,7e56bd83460aabc7-Beans
16,3140.4429139189724,9881318.642319458,0.5602716601292251,0.5602931157750174,-395251.7456927783,0.5602716601292251,PassiveAggressiveRegressor,7e56bd83460aabc7-Beans
17,2473.704280897285,6129814.050251334,0.4389167996305301,0.4389892246490302,-9806.702480402135,0.4389167996305301,PassiveAggressiveRegressor,7e56bd83460aabc7-Beans
18,4011.25920708427,17059918.65080598,0.8981684378228716,0.8339416230944429,-22.612344153364678,0.8981684378228716,PassiveAggressiveRegressor,7e56bd83460aabc7-Beans
19,5003.132439862037,25048978.925946318,1.2634172827934438,1.2634172827934438,0.0,1.2634172827934438,PassiveAggressiveRegressor,7e56bd83460aabc7-Beans
20,3126.317611648396,9784220.859309908,0.7894741443556555,0.7894741443556555,0.0,0.7894741443556555,PassiveAggressiveRegressor,7e56bd83460aabc7-Beans
21,2676.9281345695786,7178602.092916761,0.6795858452438917,0.6794233844085225,-17945.5052322919,0.6795858452438917,PassiveAggressiveRegressor,7e56bd83460aabc7-Beans
22,3343.4953191998334,11188759.175136004,0.8529324793877127,0.8529324793877125,0.0,0.8529324793877127,PassiveAggressiveRegressor,7e56bd83460aabc7-Beans
23,3345.76494921326,11203436.462945577,0.8535114666360357,0.8535114666360357,0.0,0.8535114666360357,PassiveAggressiveRegressor,7e56bd83460aabc7-Beans
24,1494.8145508215212,2239348.026966803,0.3813302425565105,0.3813302425565105,0.0,0.3813302425565105,PassiveAggressiveRegressor,7e56bd83460aabc7-Beans
25,3365.6308893179694,11335874.453347672,0.8585793084994819,0.8585793084994819,0.0,0.8585793084994819,PassiveAggressiveRegressor,7e56bd83460aabc7-Beans
26,941.9948649176558,887738.5655551311,0.23785175914675574,0.23787749114082218,-553.8366034719569,0.23785175914675574,PassiveAggressiveRegressor,7e56bd83460aabc7-Beans
27,2874.6953548390857,9409355.505817859,1.2117947562368765,0.9582317849463619,-8.409355505817858,1.2117947562368765,PassiveAggressiveRegressor,7e56bd83460aabc7-Beans
28,7248.066446406314,52896628.807690285,5.5864994933639265,4.8320442976042095,-210.58651523076114,5.5864994933639265,PassiveAggressiveRegressor,7e56bd83460aabc7-Beans
1,2610.0,11031015.999999981,0.8164527745948595,0.4669051878354204,-0.6193267861599185,0.8164527745948595,PoissonRegressor,7e56bd83460aabc7-Beans
2,6941.255025878132,48190092.497458816,0.8979596935543331,0.8956458097907267,-236.9757654195497,0.8979596935543331,PoissonRegressor,7e56bd83460aabc7-Beans
3,293.1794602990535,110043.52146691365,0.040161569903979934,0.040161569903979934,0.0,0.040161569903979934,PoissonRegressor,7e56bd83460aabc7-Beans
4,1601.6918869713631,4136742.5237800493,0.2932071379188732,0.25423680745577193,-3.1367425237800495,0.2932071379188732,PoissonRegressor,7e56bd83460aabc7-Beans
5,1915.8663102838755,4068290.2484112596,0.3320390451637696,0.31152297728193096,-4.630851554894477,0.3320390451637696,PoissonRegressor,7e56bd83460aabc7-Beans
6,507.0472871477814,257120.82638987998,0.07243532673539735,0.07243532673539733,0.0,0.07243532673539735,PoissonRegressor,7e56bd83460aabc7-Beans
7,108.74940730428716,21256.17195422277,0.015553840095639093,0.015703885531305004,-2.778875014084048,0.015553840095639093,PoissonRegressor,7e56bd83460aabc7-Beans
8,136.1182887456107,18875.918939330542,0.019789422339020864,0.019799023817543376,-29.20147030292887,0.019789422339020864,PoissonRegressor,7e56bd83460aabc7-Beans
9,410.58248794089104,264523.19822510635,0.06393661615118178,0.061927977064991105,-2.628576107340279,0.06393661615118178,PoissonRegressor,7e56bd83460aabc7-Beans
10,1782.9194445111416,4398174.183626274,0.19771293160842013,0.21796081228742561,-0.327790781193779,0.19771293160842013,PoissonRegressor,7e56bd83460aabc7-Beans
11,3770.3567857729277,14612183.201601729,1.0370526309853856,0.6032570857236684,-0.03908858322501185,1.0370526309853856,PoissonRegressor,7e56bd83460aabc7-Beans
12,4645.774330522456,22315962.420012508,1.5310114077717814,1.3466012552239002,-23.726828166218844,1.5310114077717814,PoissonRegressor,7e56bd83460aabc7-Beans
13,1430.1426308028044,2404671.077747979,0.30507080738734793,0.28660172961980046,-5.90798930694622,0.30507080738734793,PoissonRegressor,7e56bd83460aabc7-Beans
14,245.07826782915072,60585.91053931219,0.04252699072176129,0.04232785282023328,-0.37383017095946025,0.04252699072176129,PoissonRegressor,7e56bd83460aabc7-Beans
15,162.6755189550954,42650.28529498866,0.02732358370298785,0.0280475032681199,-0.06625713237471653,0.02732358370298785,PoissonRegressor,7e56bd83460aabc7-Beans
16,64.54935078907874,5713.290535535528,0.011522655650567258,0.011516387295107715,-227.5316214214211,0.011522655650567258,PoissonRegressor,7e56bd83460aabc7-Beans
17,59.70819325314051,6874.605751690597,0.010550866842546015,0.010595952662491661,-9.999369202704955,0.010550866842546015,PoissonRegressor,7e56bd83460aabc7-Beans
18,815.7064866907172,1152602.2109679063,0.2015232301696034,0.16958554816854826,-0.5952971778102509,0.2015232301696034,PoissonRegressor,7e56bd83460aabc7-Beans
19,1503.7655659123384,2262410.8419973548,0.3797387792707925,0.3797387792707925,0.0,0.3797387792707925,PoissonRegressor,7e56bd83460aabc7-Beans
20,1145.7442398047447,1314378.0136825703,0.2893293534860466,0.28932935348604666,0.0,0.2893293534860466,PoissonRegressor,7e56bd83460aabc7-Beans
21,876.0553461530194,768091.7173539812,0.22232275374899746,0.2223490726276699,-1919.229293384953,0.22232275374899746,PoissonRegressor,7e56bd83460aabc7-Beans
22,658.8251757888684,436272.4962727367,0.1680676468849154,0.1680676468849154,0.0,0.1680676468849154,PoissonRegressor,7e56bd83460aabc7-Beans
23,456.39941030451064,210624.54557870192,0.11642842099604864,0.11642842099604864,0.0,0.11642842099604864,PoissonRegressor,7e56bd83460aabc7-Beans
24,287.46506251644223,84978.12650365461,0.07333292411133731,0.07333292411133731,0.0,0.07333292411133731,PoissonRegressor,7e56bd83460aabc7-Beans
25,145.39115870816318,23442.720871553436,0.03708958130310285,0.03708958130310285,0.0,0.03708958130310285,PoissonRegressor,7e56bd83460aabc7-Beans
26,87.23650600345172,7831.950541013408,0.021993681304842614,0.022029420707942355,-3.8949690881333803,0.021993681304842614,PoissonRegressor,7e56bd83460aabc7-Beans
27,953.7640824100476,1619789.4701369007,0.4629975664965183,0.3179213608033492,-0.6197894701369007,0.4629975664965183,PoissonRegressor,7e56bd83460aabc7-Beans
28,2264.642100219994,5335650.896947507,1.812237634030744,1.5097614001466626,-20.342603587790027,1.812237634030744,PoissonRegressor,7e56bd83460aabc7-Beans
1,2610.0,11031016.0,0.8164527745948601,0.4669051878354204,-0.6193267861599214,0.8164527745948601,RandomForestRegressor,7e56bd83460aabc7-Beans
2,3277.5200000000004,10944637.350400003,0.42095355830270637,0.42290580645161296,-53.04759185382717,0.42095355830270637,RandomForestRegressor,7e56bd83460aabc7-Beans
3,751.5600000000004,564842.4336000006,0.1029534246575343,0.1029534246575343,0.0,0.1029534246575343,RandomForestRegressor,7e56bd83460aabc7-Beans
4,1054.0,2110916.0,0.19747221504264667,0.1673015873015873,-1.110916,0.19747221504264667,RandomForestRegressor,7e56bd83460aabc7-Beans
5,1177.0,2107829.0,0.21458355795148248,0.1913821138211382,-1.9174103806228375,0.21458355795148248,RandomForestRegressor,7e56bd83460aabc7-Beans
6,962.0,925444.0,0.13742857142857143,0.13742857142857143,0.0,0.13742857142857143,RandomForestRegressor,7e56bd83460aabc7-Beans
7,391.0,158506.0,0.05635140771637122,0.056462093862815886,-27.178844444444444,0.05635140771637122,RandomForestRegressor,7e56bd83460aabc7-Beans
8,25.0,689.0,0.0036321802602348463,0.0036363636363636364,-0.10240000000000005,0.0036321802602348463,RandomForestRegressor,7e56bd83460aabc7-Beans
9,270.0,137162.25,0.04235131255127153,0.04072398190045249,-0.8815123456790124,0.04235131255127153,RandomForestRegressor,7e56bd83460aabc7-Beans
10,1820.0,5032432.25,0.1965514150943396,0.22249388753056235,-0.5192706949643764,0.1965514150943396,RandomForestRegressor,7e56bd83460aabc7-Beans
11,3750.0,14195944.09,0.992295,0.6,-0.009489357511111018,0.992295,RandomForestRegressor,7e56bd83460aabc7-Beans
12,5344.700000000001,29468318.09000001,1.7583377272727274,1.5491884057971017,-31.651876000000016,1.7583377272727274,RandomForestRegressor,7e56bd83460aabc7-Beans
13,590.0,425384.0,0.11323232323232324,0.11823647294589178,-0.22201666187877045,0.11323232323232324,RandomForestRegressor,7e56bd83460aabc7-Beans
14,1230.8000000000002,1558968.6400000006,0.21153620071684592,0.21257340241796205,-34.3507628117914,0.21153620071684592,RandomForestRegressor,7e56bd83460aabc7-Beans
15,786.0,657796.0,0.13448809523809524,0.13551724137931034,-15.4449,0.13448809523809524,RandomForestRegressor,7e56bd83460aabc7-Beans
16,158.19999999999982,25052.23999999994,0.02822561751973513,0.02822479928635144,-1001.0895999999976,0.02822561751973513,RandomForestRegressor,7e56bd83460aabc7-Beans
17,25.0,637.9600000000027,0.004439478971800735,0.0044365572315882874,-0.020736000000004307,0.004439478971800735,RandomForestRegressor,7e56bd83460aabc7-Beans
18,850.0,1381844.0,0.2132053753078488,0.17671517671517672,-0.9125868512110726,0.2132053753078488,RandomForestRegressor,7e56bd83460aabc7-Beans
19,1679.3000000000002,2820048.4900000007,0.4240656565656566,0.4240656565656566,0.0,0.4240656565656566,RandomForestRegressor,7e56bd83460aabc7-Beans
20,404.89999999999964,163944.00999999972,0.10224747474747466,0.10224747474747466,0.0,0.10224747474747466,RandomForestRegressor,7e56bd83460aabc7-Beans
21,207.69999999999982,43539.28999999992,0.05274286229643368,0.05271573604060909,-107.8482249999998,0.05274286229643368,RandomForestRegressor,7e56bd83460aabc7-Beans
22,108.0,11664.0,0.027551020408163266,0.027551020408163266,0.0,0.027551020408163266,RandomForestRegressor,7e56bd83460aabc7-Beans
23,46.30000000000018,2143.690000000017,0.011811224489795965,0.011811224489795965,0.0,0.011811224489795965,RandomForestRegressor,7e56bd83460aabc7-Beans
24,3.599999999999909,12.959999999999345,0.0009183673469387523,0.0009183673469387523,0.0,0.0009183673469387523,RandomForestRegressor,7e56bd83460aabc7-Beans
25,1.599999999999909,2.559999999999709,0.00040816326530609926,0.00040816326530609926,0.0,0.00040816326530609926,RandomForestRegressor,7e56bd83460aabc7-Beans
26,40.0,2110.7599999999957,0.01004438775510204,0.010101010101010102,-0.3192249999999972,0.01004438775510204,RandomForestRegressor,7e56bd83460aabc7-Beans
27,1000.0,1846400.0,0.49,0.3333333333333333,-0.8464,0.49,RandomForestRegressor,7e56bd83460aabc7-Beans
28,2474.4,6372655.360000001,1.9808000000000001,1.6496,-24.490621440000005,1.9808000000000001,RandomForestRegressor,7e56bd83460aabc7-Beans
1,2610.0,11031016.0,0.8164527745948601,0.4669051878354204,-0.6193267861599214,0.8164527745948601,Ridge,7e56bd83460aabc7-Beans
2,5547.333333333334,30880054.222222228,0.7206671121505737,0.7157849462365592,-151.49409492455422,0.7206671121505737,Ridge,7e56bd83460aabc7-Beans
3,561.9999999999991,324431.11111111013,0.0769863013698629,0.07698630136986288,0.0,0.0769863013698629,Ridge,7e56bd83460aabc7-Beans
4,1278.0,3012734.25,0.23845696562419227,0.20285714285714285,-2.01273425,0.23845696562419227,Ridge,7e56bd83460aabc7-Beans
5,1690.4363636363641,3326675.5623140517,0.29591257044841957,0.27486770140428685,-3.6043952419571648,0.29591257044841957,Ridge,7e56bd83460aabc7-Beans
6,509.2432432432429,259349.79108838533,0.0727490347490347,0.0727490347490347,0.0,0.0727490347490347,Ridge,7e56bd83460aabc7-Beans
7,112.44827586206884,23917.196195005876,0.016073855668620313,0.016238018175027992,-3.251945990223267,0.016073855668620313,Ridge,7e56bd83460aabc7-Beans
8,116.19767441860449,13728.997431043765,0.01689373251754701,0.016901479915433382,-20.966395889670025,0.01689373251754701,Ridge,7e56bd83460aabc7-Beans
9,393.62841530054584,249041.40619307765,0.06135675872755437,0.05937080170445638,-2.4162058462699267,0.06135675872755437,Ridge,7e56bd83460aabc7-Beans
10,1785.5868263473053,4441918.334864643,0.19761559673106616,0.21828689808646765,-0.34099696137683955,0.19761559673106616,Ridge,7e56bd83460aabc7-Beans
11,3769.4144144144143,14597436.966213029,1.0359026208026207,0.6031063063063062,-0.03803996204181548,1.0359026208026207,Ridge,7e56bd83460aabc7-Beans
12,4565.6875,21603290.733181417,1.5071460700757575,1.3233876811594203,-22.93716424729243,1.5071460700757575,Ridge,7e56bd83460aabc7-Beans
13,1429.7276166456495,2403675.2942350935,0.30499028885993457,0.28651856045002994,-5.905128682088749,0.30499028885993457,Ridge,7e56bd83460aabc7-Beans
14,248.49234135667393,61762.08910411886,0.04299720398735716,0.04291750282498686,-0.4005008867147133,0.04299720398735716,Ridge,7e56bd83460aabc7-Beans
15,158.36654804270438,48642.83264148703,0.02642338021804209,0.027304577248742135,-0.21607081603717582,0.02642338021804209,Ridge,7e56bd83460aabc7-Beans
16,43.20381231671581,3423.3751871812674,0.007714370063874705,0.007708084267032259,-135.9350074872507,0.007714370063874705,Ridge,7e56bd83460aabc7-Beans
17,87.17345030921933,11696.775380439072,0.01541990535795428,0.01547000005487477,-17.714840608702517,0.01541990535795428,Ridge,7e56bd83460aabc7-Beans
18,811.1905252317197,1100446.3934121558,0.19930750475769812,0.16864667884235338,-0.5231091950341256,0.19930750475769812,Ridge,7e56bd83460aabc7-Beans
19,1469.38215503733,2160502.0797027354,0.3710560997569015,0.3710560997569015,0.0,0.3710560997569015,Ridge,7e56bd83460aabc7-Beans
20,1082.2480480480472,1173604.0661401022,0.27329496162829475,0.27329496162829475,0.0,0.27329496162829475,Ridge,7e56bd83460aabc7-Beans
21,782.948489901798,614285.6353761831,0.1986769650729789,0.1987178908380198,-1534.7140884404578,0.1986769650729789,Ridge,7e56bd83460aabc7-Beans
22,537.8950930626052,293002.00107204285,0.13721813598535848,0.13721813598535845,0.0,0.13721813598535848,Ridge,7e56bd83460aabc7-Beans
23,309.4633675265027,99842.75340808614,0.07894473661390375,0.07894473661390375,0.0,0.07894473661390375,Ridge,7e56bd83460aabc7-Beans
24,117.74804517810662,18181.354718935298,0.030037766627068016,0.030037766627068016,0.0,0.030037766627068016,Ridge,7e56bd83460aabc7-Beans
25,66.5480399692542,6350.331133894893,0.016976540808483216,0.016976540808483216,0.0,0.016976540808483216,Ridge,7e56bd83460aabc7-Beans
26,220.522351580772,60003.269765650206,0.055421091269021575,0.055687462520396976,-36.50204360353138,0.055421091269021575,Ridge,7e56bd83460aabc7-Beans
27,933.8065893837706,1260749.7438222554,0.42811524642397125,0.31126886312792357,-0.26074974382225546,0.42811524642397125,Ridge,7e56bd83460aabc7-Beans
28,2036.5722100656449,4336809.963168662,1.6361672592997807,1.3577148067104299,-16.347239852674647,1.6361672592997807,Ridge,7e56bd83460aabc7-Beans
1,2610.0,11031016.0,0.8164527745948601,0.4669051878354204,-0.6193267861599214,0.8164527745948601,RidgeCV,7e56bd83460aabc7-Beans
2,10211.33333333335,106501372.88888925,1.3332748635705558,1.3175913978494647,-524.9327056241444,1.3332748635705558,RidgeCV,7e56bd83460aabc7-Beans
3,909.5,827726.9444444445,0.1245890410958904,0.1245890410958904,0.0,0.1245890410958904,RidgeCV,7e56bd83460aabc7-Beans
4,1069.8000000000002,1566712.0800000005,0.19099353838201089,0.16980952380952383,-0.5667120800000005,0.19099353838201089,RidgeCV,7e56bd83460aabc7-Beans
5,1170.4000000000005,1946220.800000001,0.21140916442048527,0.19030894308943097,-1.6937312110726657,0.21140916442048527,RidgeCV,7e56bd83460aabc7-Beans
6,521.272727272727,271734.80991735513,0.07446753246753243,0.07446753246753243,0.0,0.07446753246753243,RidgeCV,7e56bd83460aabc7-Beans
7,178.89473684210452,41762.68698060913,0.025681685966741565,0.02583317499524975,-6.424477685441623,0.025681685966741565,RidgeCV,7e56bd83460aabc7-Beans
8,46.84615384615245,2260.734097633003,0.006809773454092514,0.00681398601398581,-2.6171745562128046,0.006809773454092514,RidgeCV,7e56bd83460aabc7-Beans
9,341.6476190476178,207944.35356009015,0.05347441957368108,0.051530560942325464,-1.852460268313994,0.05347441957368108,RidgeCV,7e56bd83460aabc7-Beans
10,1788.9351351351352,4545475.11170197,0.19689644739078704,0.21869622678913633,-0.3722603283727719,0.19689644739078704,RidgeCV,7e56bd83460aabc7-Beans
11,3767.958333333333,14563209.657397836,1.0326992424242418,0.6028733333333333,-0.035606020081623946,1.0326992424242418,RidgeCV,7e56bd83460aabc7-Beans
12,4500.2254901960805,21017980.4777009,1.487018627450981,1.3044131855640813,-22.288621027923437,1.487018627450981,RidgeCV,7e56bd83460aabc7-Beans
13,1436.4975961538403,2422538.5209476026,0.30635538791032624,0.2878752697703087,-5.959317784968695,0.30635538791032624,RidgeCV,7e56bd83460aabc7-Beans
14,247.03368421052664,61756.39617461669,0.042891333710620635,0.042665575856740356,-0.4003717953427821,0.042891333710620635,RidgeCV,7e56bd83460aabc7-Beans
15,159.65862068965544,42792.80007662804,0.026777162014231033,0.02752734839476818,-0.06982000191570092,0.026777162014231033,RidgeCV,7e56bd83460aabc7-Beans
16,57.13928571427823,5047.5470025502,0.01020106963239708,0.01019434178666873,-200.901880102008,0.01020106963239708,RidgeCV,7e56bd83460aabc7-Beans
17,71.21390374331804,9062.15310529527,0.01258829328538455,0.012637782385681995,-13.499444968472433,0.01258829328538455,RidgeCV,7e56bd83460aabc7-Beans
18,811.8968655207268,1120585.1277000287,0.19999482324750983,0.16879352713528623,-0.5509828757093822,0.19999482324750983,RidgeCV,7e56bd83460aabc7-Beans
19,1481.6536297640691,2196671.970296371,0.37415495701112855,0.37415495701112855,0.0,0.37415495701112855,RidgeCV,7e56bd83460aabc7-Beans
20,1096.4474074074014,1204478.076323718,0.27688065843621246,0.2768806584362125,0.0,0.27688065843621246,RidgeCV,7e56bd83460aabc7-Beans
21,797.7408424908431,637622.191792793,0.20243229465168255,0.20247229504843733,-1593.0554794819825,0.20243229465168255,RidgeCV,7e56bd83460aabc7-Beans
22,552.5092127303037,308863.884538378,0.14094622773732238,0.14094622773732238,0.0,0.14094622773732238,RidgeCV,7e56bd83460aabc7-Beans
23,323.5175274397875,108667.3099944646,0.08252998148974171,0.08252998148974171,0.0,0.08252998148974171,RidgeCV,7e56bd83460aabc7-Beans
24,131.00172413785958,21411.48006315049,0.0334188071780254,0.0334188071780254,0.0,0.0334188071780254,RidgeCV,7e56bd83460aabc7-Beans
25,66.09083969465883,5359.787465862455,0.01685990808537215,0.01685990808537215,0.0,0.01685990808537215,RidgeCV,7e56bd83460aabc7-Beans
26,209.11688650928045,55016.31921270896,0.05254166855463536,0.05280729457305062,-33.3851995079431,0.05254166855463536,RidgeCV,7e56bd83460aabc7-Beans
27,934.1680825242765,1274607.6260887852,0.4295612189859942,0.3113893608414255,-0.2746076260887853,0.4295612189859942,RidgeCV,7e56bd83460aabc7-Beans
28,2046.1328252585217,4376120.464024968,1.6434173924877125,1.3640885501723479,-16.504481856099872,1.6434173924877125,RidgeCV,7e56bd83460aabc7-Beans
1,2610.0,11031016.0,0.8164527745948601,0.4669051878354204,-0.6193267861599214,0.8164527745948601,SVR,7e56bd83460aabc7-Beans
2,2438.0091578194447,6146396.895631559,0.3122630613453489,0.3145818268154122,-29.35257726237807,0.3122630613453489,SVR,7e56bd83460aabc7-Beans
3,344.3322158088399,118564.686743802,0.04716879668614246,0.047168796686142454,0.0,0.04716879668614246,SVR,7e56bd83460aabc7-Beans
4,1171.775335518972,2373426.763233076,0.21665467200500568,0.18599608500301143,-1.3734267632330757,0.21665467200500568,SVR,7e56bd83460aabc7-Beans
5,1150.5186486822076,2046083.0620804813,0.21019230829799732,0.18707620303775735,-1.8319488748518773,0.21019230829799732,SVR,7e56bd83460aabc7-Beans
6,299.7623999457119,89857.5182912254,0.04282319999224456,0.04282319999224456,0.0,0.04282319999224456,SVR,7e56bd83460aabc7-Beans
7,373.43100059963217,145119.64452145086,0.05404914708207457,0.05392505423821403,-24.799047914924596,0.05404914708207457,SVR,7e56bd83460aabc7-Beans
8,274.142492761624,75760.94549879318,0.03988882873960532,0.03987527167441804,-120.2175127980691,0.03988882873960532,SVR,7e56bd83460aabc7-Beans
9,370.9806870635789,210668.27997735917,0.05771061721314087,0.0559548547607208,-1.8898255140927183,0.05771061721314087,SVR,7e56bd83460aabc7-Beans
10,1819.7618796773327,4703733.60277398,0.200286260756191,0.2224647774666666,-0.42003791896328346,0.200286260756191,SVR,7e56bd83460aabc7-Beans
11,3750.2978200876,14625068.026271176,1.0498576748530075,0.600047651214016,-0.04000483742372807,1.0498576748530075,SVR,7e56bd83460aabc7-Beans
12,3551.0173504265895,13511888.84510925,1.1957583776754006,1.0292803914279969,-13.97162198904072,1.1957583776754006,SVR,7e56bd83460aabc7-Beans
13,2009.0587791975054,4384204.051208471,0.42249905214843636,0.40261698981913935,-11.594668345901956,0.42249905214843636,SVR,7e56bd83460aabc7-Beans
14,1158.820925296136,1386871.6043647486,0.20172120567338783,0.20014178329812365,-30.44833569988092,0.20172120567338783,SVR,7e56bd83460aabc7-Beans
15,1098.9379949456943,1247763.1347679938,0.19088956992468697,0.18947206809408523,-30.194078369199847,0.19088956992468697,SVR,7e56bd83460aabc7-Beans
16,1267.2596866437766,1605969.3721429498,0.22609543332150753,0.22609450252342134,-64237.77488571799,0.22609543332150753,SVR,7e56bd83460aabc7-Beans
17,1210.493289900477,1465902.7236983594,0.214840564056924,0.21481691036388234,-2344.4443579173753,0.214840564056924,SVR,7e56bd83460aabc7-Beans
18,1790.3923803222428,3928624.573381879,0.41647022931929917,0.3722229480919424,-4.437542662120247,0.41647022931929917,SVR,7e56bd83460aabc7-Beans
19,2395.4302044199912,5738086.010055736,0.6049066172777755,0.6049066172777756,0.0,0.6049066172777755,SVR,7e56bd83460aabc7-Beans
20,2217.710309366981,4918239.174992148,0.5600278559007528,0.5600278559007528,0.0,0.5600278559007528,SVR,7e56bd83460aabc7-Beans
21,2060.536822961168,4246226.764585527,0.5230186043126108,0.5229788890764386,-10614.566911463817,0.5230186043126108,SVR,7e56bd83460aabc7-Beans
22,1910.6833634165487,3650711.0353810242,0.48741922536136445,0.48741922536136445,0.0,0.48741922536136445,SVR,7e56bd83460aabc7-Beans
23,1741.3879701697829,3032432.161084657,0.44423162504331193,0.444231625043312,0.0,0.44423162504331193,SVR,7e56bd83460aabc7-Beans
24,1715.6393175731755,2943418.3510146122,0.4376630912176468,0.4376630912176468,0.0,0.4376630912176468,SVR,7e56bd83460aabc7-Beans
25,1689.488945269556,2854372.9749931255,0.4309920778748868,0.43099207787488675,0.0,0.4309920778748868,SVR,7e56bd83460aabc7-Beans
26,1643.0620556772205,2701230.3964506174,0.4150583188388496,0.4149146605245506,-1687.2689977816358,0.4150583188388496,SVR,7e56bd83460aabc7-Beans
27,2596.438759698975,7742089.026635192,1.0987017039714548,0.865479586566325,-6.742089026635193,1.0987017039714548,SVR,7e56bd83460aabc7-Beans
28,4084.22444465686,16931203.663808048,3.1882468961731183,2.722816296437907,-66.7248146552322,3.1882468961731183,SVR,7e56bd83460aabc7-Beans
1,2868.842639593907,13698306.178669887,0.90604097474559,0.5132097745248492,-1.0108786099249696,0.90604097474559,TheilSenRegressor,7e56bd83460aabc7-Beans
2,11766.00000000003,141980680.0000007,1.5374774473772173,1.5181935483871005,-700.1391604938306,1.5374774473772173,TheilSenRegressor,7e56bd83460aabc7-Beans
3,1316.9999622836503,1753809.9003567025,0.18041095373748633,0.18041095373748636,0.0,0.18041095373748633,TheilSenRegressor,7e56bd83460aabc7-Beans
4,2273.414761913353,6409957.062111446,0.3989857381118963,0.3608594860179925,-5.409957062111446,0.3989857381118963,TheilSenRegressor,7e56bd83460aabc7-Beans
5,1160.1036034407311,2072836.6076129714,0.21184317500934444,0.18863473226678557,-1.8689780036165695,0.21184317500934444,TheilSenRegressor,7e56bd83460aabc7-Beans
6,101.33335997058339,13555.561028396718,0.014476194281511912,0.014476194281511912,0.0,0.014476194281511912,TheilSenRegressor,7e56bd83460aabc7-Beans
7,86.00004510283088,7851.118824165946,0.012386867829313083,0.012418779076221065,-0.39575445762950134,0.012386867829313083,TheilSenRegressor,7e56bd83460aabc7-Beans
8,71.60595477478182,6173.84753711823,0.010398439076971171,0.01041541160360463,-8.878156059389168,0.010398439076971171,TheilSenRegressor,7e56bd83460aabc7-Beans
9,223.02420828225195,60974.11408525213,0.0343466492772987,0.03363864378314509,0.1635923993792575,0.0343466492772987,TheilSenRegressor,7e56bd83460aabc7-Beans
10,1861.3335813785575,5435812.961138484,0.1992202278339049,0.2275468925890657,-0.6410496803340431,0.1992202278339049,TheilSenRegressor,7e56bd83460aabc7-Beans
11,3703.9999644740874,13832510.51639587,0.9763997187007833,0.592639994315854,0.016354807722960274,0.9763997187007833,TheilSenRegressor,7e56bd83460aabc7-Beans
12,3108.908380548815,10639442.859170595,1.0603059895554587,0.9011328639271927,-10.78885635365163,1.0603059895554587,TheilSenRegressor,7e56bd83460aabc7-Beans
13,1394.2352359731203,2347536.7965994133,0.2986346876004452,0.27940585891244896,-5.743857502440141,0.2986346876004452,TheilSenRegressor,7e56bd83460aabc7-Beans
14,459.973966035775,279176.28646362276,0.08117829626857513,0.0794428266037608,-5.330528037723872,0.08117829626857513,TheilSenRegressor,7e56bd83460aabc7-Beans
15,206.22201244125336,63191.444769475806,0.03645349932883812,0.03555551938642299,-0.5797861192368952,0.03645349932883812,TheilSenRegressor,7e56bd83460aabc7-Beans
16,210.33545492664962,47952.64766953947,0.03753612303230205,0.03752639695390716,-1917.1059067815786,0.03753612303230205,TheilSenRegressor,7e56bd83460aabc7-Beans
17,123.50388778259548,22798.39869672617,0.02184932356899554,0.021917282658845693,-35.47743791476187,0.02184932356899554,TheilSenRegressor,7e56bd83460aabc7-Beans
18,787.1487422261594,874298.5036685257,0.1880625130134952,0.1636483871572057,-0.21010173518135056,0.1880625130134952,TheilSenRegressor,7e56bd83460aabc7-Beans
19,1391.6722105032832,1940257.3440792784,0.35143237638971797,0.35143237638971797,0.0,0.35143237638971797,TheilSenRegressor,7e56bd83460aabc7-Beans
20,1208.9882787788433,1465466.274750555,0.3053000703986978,0.30530007039869783,0.0,0.3053000703986978,TheilSenRegressor,7e56bd83460aabc7-Beans
21,1101.3286274386505,1214789.4563361083,0.279476599295299,0.27952503234483517,-3035.9736408402705,0.279476599295299,TheilSenRegressor,7e56bd83460aabc7-Beans
22,974.8296873595859,954518.2225559596,0.24868104269377192,0.24868104269377192,0.0,0.24868104269377192,TheilSenRegressor,7e56bd83460aabc7-Beans
23,624.0632015903134,394517.99507063685,0.15919979632405953,0.15919979632405953,0.0,0.15919979632405953,TheilSenRegressor,7e56bd83460aabc7-Beans
24,164.61548215935773,32942.67350526806,0.04199374544881575,0.04199374544881575,0.0,0.04199374544881575,TheilSenRegressor,7e56bd83460aabc7-Beans
25,100.16270611097434,16211.11560364983,0.025551710742595497,0.025551710742595494,0.0,0.025551710742595497,TheilSenRegressor,7e56bd83460aabc7-Beans
26,281.8871146923434,93437.04847136249,0.07088928889664996,0.07118361482129884,-57.39815529460156,0.07088928889664996,TheilSenRegressor,7e56bd83460aabc7-Beans
27,923.4379381045769,1267618.2493044576,0.42680326125813917,0.30781264603485897,-0.26761824930445766,0.42680326125813917,TheilSenRegressor,7e56bd83460aabc7-Beans
28,2109.5711321966837,4631835.255590754,1.6886985625441833,1.4063807547977891,-17.527341022363014,1.6886985625441833,TheilSenRegressor,7e56bd83460aabc7-Beans
1,2610.0,11031016.0,0.8164527745948601,0.4669051878354204,-0.6193267861599214,0.8164527745948601,TransformedTargetRegressor,7e56bd83460aabc7-Beans
2,11766.0,141980680.0,1.5374774473772135,1.5181935483870967,-700.1391604938271,1.5374774473772135,TransformedTargetRegressor,7e56bd83460aabc7-Beans
3,330.33333333333303,128441.1111111109,0.04525114155251138,0.04525114155251137,0.0,0.04525114155251138,TransformedTargetRegressor,7e56bd83460aabc7-Beans
4,1487.3999999999996,3675007.1199999982,0.27345619023003354,0.23609523809523802,-2.6750071199999983,0.27345619023003354,TransformedTargetRegressor,7e56bd83460aabc7-Beans
5,1805.9999999999995,3708394.5599999987,0.3146911051212937,0.2936585365853658,-4.132726034602074,0.3146911051212937,TransformedTargetRegressor,7e56bd83460aabc7-Beans
6,507.14285714285734,257217.4693877553,0.07244897959183677,0.07244897959183676,0.0,0.07244897959183677,TransformedTargetRegressor,7e56bd83460aabc7-Beans
7,107.28571428571468,22001.83673469399,0.01533412781170868,0.015492521918514754,-2.9114376417233756,0.01533412781170868,TransformedTargetRegressor,7e56bd83460aabc7-Beans
8,125.73809523809496,16066.83106575957,0.018280943817281445,0.01828917748917745,-24.706929705215313,0.018280943817281445,TransformedTargetRegressor,7e56bd83460aabc7-Beans
9,400.3666666666668,254767.73555555573,0.062378543432686194,0.06038712921065864,-2.494756317634509,0.062378543432686194,TransformedTargetRegressor,7e56bd83460aabc7-Beans
10,1785.1696969696968,4429245.070119375,0.1977051877263198,0.21823590427502407,-0.3371709546308945,0.1977051877263198,TransformedTargetRegressor,7e56bd83460aabc7-Beans
11,3769.590909090909,14601634.714876033,1.036290909090909,0.6031345454545455,-0.03833846861340673,1.036290909090909,TransformedTargetRegressor,7e56bd83460aabc7-Beans
12,4573.469696969696,21673445.980257113,1.5095388429752066,1.3256433904259988,-23.014898593082673,1.5095388429752066,TransformedTargetRegressor,7e56bd83460aabc7-Beans
13,1428.934065934066,2401470.248762227,0.30483027724963213,0.28635953225131583,-5.898794164786634,0.30483027724963213,TransformedTargetRegressor,7e56bd83460aabc7-Beans
14,248.66153846153838,61833.534510324804,0.04300948442238763,0.04294672512289091,-0.4021209639529435,0.04300948442238763,TransformedTargetRegressor,7e56bd83460aabc7-Beans
15,158.2178571428567,49378.176918934245,0.02638266723356001,0.02727894088669943,-0.23445442297335606,0.02638266723356001,TransformedTargetRegressor,7e56bd83460aabc7-Beans
16,43.31617647058829,3277.5822880622845,0.007734095309246703,0.00772813139528783,-130.1032915224914,0.007734095309246703,TransformedTargetRegressor,7e56bd83460aabc7-Beans
17,88.99019607843184,12029.07054978867,0.015742240283426617,0.015792403918089056,-18.24651287966187,0.015742240283426617,TransformedTargetRegressor,7e56bd83460aabc7-Beans
18,811.110423116615,1098187.8330835898,0.1992295597988145,0.16863002559596987,-0.5199831599772868,0.1992295597988145,TransformedTargetRegressor,7e56bd83460aabc7-Beans
19,1467.9947368421053,2156431.689929209,0.37070574162679426,0.37070574162679426,0.0,0.37070574162679426,TransformedTargetRegressor,7e56bd83460aabc7-Beans
20,1080.6466165413526,1170147.3910814612,0.2728905597326648,0.2728905597326648,0.0,0.2728905597326648,TransformedTargetRegressor,7e56bd83460aabc7-Beans
21,781.2835497835504,611686.4621821189,0.1982542872848997,0.1982953172039468,-1528.2161554552972,0.1982542872848997,TransformedTargetRegressor,7e56bd83460aabc7-Beans
22,536.2529644268784,291246.4075364412,0.13679922561910163,0.13679922561910163,0.0,0.13679922561910163,TransformedTargetRegressor,7e56bd83460aabc7-Beans
23,307.8863636363635,98877.24817017911,0.07854243970315396,0.07854243970315396,0.0,0.07854243970315396,TransformedTargetRegressor,7e56bd83460aabc7-Beans
24,116.26260869565158,17841.257416256933,0.029658828748890708,0.029658828748890708,0.0,0.029658828748890708,TransformedTargetRegressor,7e56bd83460aabc7-Beans
25,66.59923076923087,6480.23637041405,0.016989599686028284,0.016989599686028284,0.0,0.016989599686028284,TransformedTargetRegressor,7e56bd83460aabc7-Beans
26,221.798290598289,60577.36547592885,0.05574321472178574,0.05600966934300227,-36.86085342245553,0.05574321472178574,TransformedTargetRegressor,7e56bd83460aabc7-Beans
27,933.7661782661785,1259214.254112121,0.42795360195360205,0.3112553927553928,-0.25921425411212096,0.42795360195360205,TransformedTargetRegressor,7e56bd83460aabc7-Beans
28,2035.5041050903124,4332429.58780879,1.635357279693487,1.3570027367268749,-16.329718351235158,1.635357279693487,TransformedTargetRegressor,7e56bd83460aabc7-Beans
1,2610.0,11031016.0,0.8164527745948601,0.4669051878354204,-0.6193267861599214,0.8164527745948601,TweedieRegressor,7e56bd83460aabc7-Beans
2,4303.600008598742,18521241.994083546,0.5573050462351208,0.5553032269159667,-90.46292342757307,0.5573050462351208,TweedieRegressor,7e56bd83460aabc7-Beans
3,747.3333319606045,561598.4690906298,0.10237442903569924,0.10237442903569924,0.0,0.10237442903569924,TweedieRegressor,7e56bd83460aabc7-Beans
4,1116.3333330940086,2109241.1077755224,0.20578702499313986,0.17719576715777915,-1.1092411077755222,0.20578702499313986,TweedieRegressor,7e56bd83460aabc7-Beans
5,1382.266661865819,2442004.929736206,0.24583647720394727,0.22475880680745025,-2.3799376190120496,0.24583647720394727,TweedieRegressor,7e56bd83460aabc7-Beans
6,517.0638297872338,267368.0869171568,0.07386626139817626,0.07386626139817626,0.0,0.07386626139817626,TweedieRegressor,7e56bd83460aabc7-Beans
7,160.54285674859284,35940.40967955433,0.023028094684526768,0.023183084007017015,-5.389406165254103,0.023028094684526768,TweedieRegressor,7e56bd83460aabc7-Beans
8,60.100000240673126,3701.501629449347,0.008736930110101345,0.008741818216825181,-4.922402607118955,0.008736930110101345,TweedieRegressor,7e56bd83460aabc7-Beans
9,346.75362188413555,211739.94021707508,0.05424869101586171,0.05230069711676253,-1.9045259289036363,0.05424869101586171,TweedieRegressor,7e56bd83460aabc7-Beans
10,1788.9351356966995,4545475.132431941,0.19689644723206406,0.21869622685778722,-0.37226033463106534,0.19689644723206406,TweedieRegressor,7e56bd83460aabc7-Beans
11,3767.8099174080235,14559761.407254705,1.0323727273862269,0.6028495867852838,-0.03536081118255674,1.0323727273862269,TweedieRegressor,7e56bd83460aabc7-Beans
12,4486.710750871012,20898215.01100533,1.48286328389893,1.3004958698176847,-22.155916909701197,1.48286328389893,TweedieRegressor,7e56bd83460aabc7-Beans
13,1438.6153840042916,2428458.2295662817,0.3067824187722382,0.28829967615316465,-5.976323555203337,0.3067824187722382,TweedieRegressor,7e56bd83460aabc7-Beans
14,246.4202892751532,62080.64575656805,0.04284681311961605,0.042559635453394334,-0.4077243935729715,0.04284681311961605,TweedieRegressor,7e56bd83460aabc7-Beans
15,160.34237292863372,40088.80258868206,0.026964379888916385,0.0276452367118334,-0.0022200647170516064,0.026964379888916385,TweedieRegressor,7e56bd83460aabc7-Beans
16,68.43118034794452,6412.895689223985,0.012215582389727355,0.012208952782862537,-255.51582756895937,0.012215582389727355,TweedieRegressor,7e56bd83460aabc7-Beans
17,62.54352942587866,7424.416829878426,0.01105267229844564,0.011099117910537472,-10.879066927805482,0.01105267229844564,TweedieRegressor,7e56bd83460aabc7-Beans
18,812.5034826023639,1138199.9973723956,0.2005851040820263,0.1689196429526744,-0.5753633181624853,0.2005851040820263,TweedieRegressor,7e56bd83460aabc7-Beans
19,1493.55008508127,2232024.66442879,0.37715911239426014,0.3771591123942601,0.0,0.37715911239426014,TweedieRegressor,7e56bd83460aabc7-Beans
20,1111.7868614023973,1238285.067268644,0.2807542579298983,0.28075425792989833,0.0,0.2807542579298983,TweedieRegressor,7e56bd83460aabc7-Beans
21,815.3632533170985,665995.7811555783,0.20690609016362385,0.20694498815154785,-1663.9894528889458,0.20690609016362385,TweedieRegressor,7e56bd83460aabc7-Beans
22,571.5438160548983,330165.27772366384,0.14580199389155568,0.1458019938915557,0.0,0.14580199389155568,TweedieRegressor,7e56bd83460aabc7-Beans
23,343.3864846158385,121818.05231208357,0.08759859301424452,0.08759859301424452,0.0,0.08759859301424452,TweedieRegressor,7e56bd83460aabc7-Beans
24,151.21465958315048,27015.142412093974,0.03857516826100778,0.03857516826100778,0.0,0.03857516826100778,TweedieRegressor,7e56bd83460aabc7-Beans
25,65.34264126098378,4397.15453403446,0.016669041138006067,0.016669041138006067,0.0,0.016669041138006067,TweedieRegressor,7e56bd83460aabc7-Beans
26,189.18104933924815,46925.14211858297,0.04750866884633907,0.0477729922573859,-28.328213824114354,0.04750866884633907,TweedieRegressor,7e56bd83460aabc7-Beans
27,934.8402402995189,1300959.8753961513,0.4322498500618591,0.31161341343317295,-0.3009598753961513,0.4322498500618591,TweedieRegressor,7e56bd83460aabc7-Beans
28,2064.9757426407623,4454132.922782427,1.657706604837593,1.3766504950938416,-16.816531691129708,1.657706604837593,TweedieRegressor,7e56bd83460aabc7-Beans
4,1457.624677584217,2180534.5131276883,0.23124006425267163,0.2313689964419392,-1.1805345131276885,0.23124006425267163,AutoReg,7e56bd83460aabc7-Beans
5,568.333772439009,371111.43988402036,0.09923687525703087,0.09241199551853804,0.4863509482574112,0.09923687525703087,AutoReg,7e56bd83460aabc7-Beans
6,495.60757798141003,400073.1351274788,0.07080108256877285,0.07080108256877286,0.0,0.07080108256877285,AutoReg,7e56bd83460aabc7-Beans
7,619.8464973817554,477537.44474214886,0.08904118455628601,0.0895085194775098,-83.89554573193757,0.08904118455628601,AutoReg,7e56bd83460aabc7-Beans
8,471.4679651853071,248305.17394343653,0.06866339114222075,0.0685771585724083,-396.2882783094984,0.06866339114222075,AutoReg,7e56bd83460aabc7-Beans
9,380.8384811893002,166952.91405035782,0.05662631322141598,0.05744170153684769,-1.2901634300460607,0.05662631322141598,AutoReg,7e56bd83460aabc7-Beans
10,1707.74695297277,5669593.608351731,0.17216178209042116,0.20877102114581542,-0.711627100697902,0.17216178209042116,AutoReg,7e56bd83460aabc7-Beans
11,3683.579439395125,13680331.388327725,0.9709988795961778,0.58937271030322,0.027176434607806166,0.9709988795961778,AutoReg,7e56bd83460aabc7-Beans
12,2909.4384512056504,8536400.074622672,0.8894015309538906,0.8433154931030871,-8.458615041133154,0.8894015309538906,AutoReg,7e56bd83460aabc7-Beans
13,3426.736097107573,15899263.070329223,0.7454509013113828,0.6867206607430006,-44.674412727173866,0.7454509013113828,AutoReg,7e56bd83460aabc7-Beans
14,794.9925453538835,1005933.6572364452,0.14132078320586142,0.13730441197821822,-21.81028701216429,0.14132078320586142,AutoReg,7e56bd83460aabc7-Beans
15,560.2295744304906,321094.49309189594,0.09721267905191405,0.09659130593629149,-7.027362327297398,0.09721267905191405,AutoReg,7e56bd83460aabc7-Beans
16,686.5610690216818,473540.230012174,0.12249834255225764,0.12249082408950611,-18940.60920048696,0.12249834255225764,AutoReg,7e56bd83460aabc7-Beans
17,652.8157023781114,440848.23535682436,0.11594784358508478,0.11585016901119989,-704.357176570919,0.11594784358508478,AutoReg,7e56bd83460aabc7-Beans
18,1434.6109065690898,2643841.6575174113,0.3368941506511782,0.29825590573161953,-2.6592964117888047,0.3368941506511782,AutoReg,7e56bd83460aabc7-Beans
19,2245.616490587738,5047698.947574846,0.5670748713605399,0.5670748713605399,0.0,0.5670748713605399,AutoReg,7e56bd83460aabc7-Beans
20,2269.456094884446,5216740.376981518,0.5730949734556682,0.5730949734556682,0.0,0.5730949734556682,AutoReg,7e56bd83460aabc7-Beans
21,2100.71827357409,4423880.042627715,0.5330566832147267,0.5331772267954543,-11058.700106569286,0.5330566832147267,AutoReg,7e56bd83460aabc7-Beans
22,1954.5020368458509,3821777.054829729,0.49859745837904357,0.49859745837904357,0.0,0.49859745837904357,AutoReg,7e56bd83460aabc7-Beans
23,1806.0682339181894,3262068.1113501675,0.4607316923260687,0.46073169232606875,0.0,0.4607316923260687,AutoReg,7e56bd83460aabc7-Beans
24,1674.7806700330088,2807491.855264606,0.4272399668451553,0.4272399668451553,0.0,0.4272399668451553,AutoReg,7e56bd83460aabc7-Beans
25,1559.9977712375007,2439350.441940009,0.39795861511160735,0.39795861511160735,0.0,0.39795861511160735,AutoReg,7e56bd83460aabc7-Beans
26,1419.1280548404238,2016685.1746442448,0.3582682007600361,0.35836567041424844,-1259.428234152653,0.3582682007600361,AutoReg,7e56bd83460aabc7-Beans
27,2289.979034688503,6462110.036835119,0.9967019406638349,0.7633263448961677,-5.462110036835119,0.9967019406638349,AutoReg,7e56bd83460aabc7-Beans
28,3724.6643316043273,14238586.994656045,2.9446320080710926,2.4831095544028847,-55.95434797862418,2.9446320080710926,AutoReg,7e56bd83460aabc7-Beans
3,2466.1882014242306,8538568.069415007,0.33783400019510007,0.33783400019510007,0.0,0.33783400019510007,ARIMA,7e56bd83460aabc7-Beans
4,1709.6448142223117,3273073.8668028973,0.2936813020876114,0.2713721927337003,-2.273073866802897,0.2936813020876114,ARIMA,7e56bd83460aabc7-Beans
5,1128.3068988847108,1977268.5545821101,0.20626347008974888,0.18346453640401802,-1.736703881774547,0.20626347008974888,ARIMA,7e56bd83460aabc7-Beans
6,501.1198801597757,407086.9734428016,0.07158855430853939,0.07158855430853939,0.0,0.07158855430853939,ARIMA,7e56bd83460aabc7-Beans
7,667.5308278572652,680098.5651073515,0.09564821674919609,0.09639434337289028,-119.90641157464027,0.09564821674919609,ARIMA,7e56bd83460aabc7-Beans
8,193.56837852345188,41188.951158613934,0.028188034388496666,0.028155400512502093,-64.9023218537823,0.028188034388496666,ARIMA,7e56bd83460aabc7-Beans
9,278.6682007163381,135220.1508329772,0.043577386326094474,0.04203140282297709,-0.854871753538782,0.043577386326094474,ARIMA,7e56bd83460aabc7-Beans
10,1807.8772247795373,4968040.833407526,0.1952155772732944,0.2210118856698701,-0.49983118989479713,0.1952155772732944,ARIMA,7e56bd83460aabc7-Beans
11,3632.688578012281,13311469.036574483,0.9590490691787602,0.581230172481965,0.05340664628803682,0.9590490691787602,ARIMA,7e56bd83460aabc7-Beans
12,4971.098570132195,24737249.58744259,1.57288912265285,1.4408981362702016,-26.409694833731404,1.57288912265285,ARIMA,7e56bd83460aabc7-Beans
13,2871.7297032658093,11733656.883676296,0.6285288678561589,0.5754969345222063,-32.70771871208358,0.6285288678561589,ARIMA,7e56bd83460aabc7-Beans
14,1717.628908378427,2959439.390572163,0.2964438316182656,0.29665438832097185,-66.10746917397195,0.2964438316182656,ARIMA,7e56bd83460aabc7-Beans
15,291.8567414624695,112701.87816333717,0.05136750962124556,0.05032012783835681,-1.8175469540834293,0.05136750962124556,ARIMA,7e56bd83460aabc7-Beans
16,463.49995173106845,214923.6996744147,0.08269560274415455,0.08269401458181418,-8595.947986976587,0.08269560274415455,ARIMA,7e56bd83460aabc7-Beans
17,426.6905887988087,185224.04888461024,0.07576723275437022,0.07572148869544076,-295.3584782153764,0.07576723275437022,ARIMA,7e56bd83460aabc7-Beans
18,1231.9030959117208,2192668.714149745,0.29552786400390046,0.25611290975295653,-2.0348355905186786,0.29552786400390046,ARIMA,7e56bd83460aabc7-Beans
19,2064.506674622957,4262740.4568562545,0.5213400693492315,0.5213400693492315,0.0,0.5213400693492315,ARIMA,7e56bd83460aabc7-Beans
20,1277.7663254357408,1680876.909148451,0.32266826399892445,0.32266826399892445,0.0,0.32266826399892445,ARIMA,7e56bd83460aabc7-Beans
21,707.4479786053139,509476.2964905227,0.17943776657827226,0.1795553245191152,-1272.6907412263067,0.17943776657827226,ARIMA,7e56bd83460aabc7-Beans
22,356.3654008928147,130257.3204998167,0.09090954104408538,0.09090954104408538,0.0,0.09090954104408538,ARIMA,7e56bd83460aabc7-Beans
23,157.54997151471593,25736.976908380733,0.04019131926395815,0.04019131926395815,0.0,0.04019131926395815,ARIMA,7e56bd83460aabc7-Beans
24,89.29713840287923,8254.064833577717,0.022779882245632457,0.022779882245632457,0.0,0.022779882245632457,ARIMA,7e56bd83460aabc7-Beans
25,38.77386266379426,1558.74111204378,0.009891291495865883,0.009891291495865883,0.0,0.009891291495865883,ARIMA,7e56bd83460aabc7-Beans
26,43.861209355581195,2313.020816367066,0.01102686528128864,0.01107606296858111,-0.4456380102294162,0.01102686528128864,ARIMA,7e56bd83460aabc7-Beans
27,997.9480323797095,1862389.7295366041,0.4905872812706624,0.3326493441265698,-0.8623897295366041,0.4905872812706624,ARIMA,7e56bd83460aabc7-Beans
28,2450.558384270477,6264588.906797292,1.9652354485617245,1.6337055895136512,-24.058355627189165,1.9652354485617245,ARIMA,7e56bd83460aabc7-Beans
3,2466.1882014242306,8538568.069415007,0.33783400019510007,0.33783400019510007,0.0,0.33783400019510007,SARIMAX,7e56bd83460aabc7-Beans
4,1709.6448142223117,3273073.8668028973,0.2936813020876114,0.2713721927337003,-2.273073866802897,0.2936813020876114,SARIMAX,7e56bd83460aabc7-Beans
5,1128.3068988847108,1977268.5545821101,0.20626347008974888,0.18346453640401802,-1.736703881774547,0.20626347008974888,SARIMAX,7e56bd83460aabc7-Beans
6,501.1198801597757,407086.9734428016,0.07158855430853939,0.07158855430853939,0.0,0.07158855430853939,SARIMAX,7e56bd83460aabc7-Beans
7,667.5308278572652,680098.5651073515,0.09564821674919609,0.09639434337289028,-119.90641157464027,0.09564821674919609,SARIMAX,7e56bd83460aabc7-Beans
8,193.56837852345188,41188.951158613934,0.028188034388496666,0.028155400512502093,-64.9023218537823,0.028188034388496666,SARIMAX,7e56bd83460aabc7-Beans
9,278.6682007163381,135220.1508329772,0.043577386326094474,0.04203140282297709,-0.854871753538782,0.043577386326094474,SARIMAX,7e56bd83460aabc7-Beans
10,1807.8772247795373,4968040.833407526,0.1952155772732944,0.2210118856698701,-0.49983118989479713,0.1952155772732944,SARIMAX,7e56bd83460aabc7-Beans
11,3632.688578012281,13311469.036574483,0.9590490691787602,0.581230172481965,0.05340664628803682,0.9590490691787602,SARIMAX,7e56bd83460aabc7-Beans
12,4971.098570132195,24737249.58744259,1.57288912265285,1.4408981362702016,-26.409694833731404,1.57288912265285,SARIMAX,7e56bd83460aabc7-Beans
13,2871.7297032658093,11733656.883676296,0.6285288678561589,0.5754969345222063,-32.70771871208358,0.6285288678561589,SARIMAX,7e56bd83460aabc7-Beans
14,1717.628908378427,2959439.390572163,0.2964438316182656,0.29665438832097185,-66.10746917397195,0.2964438316182656,SARIMAX,7e56bd83460aabc7-Beans
15,291.8567414624695,112701.87816333717,0.05136750962124556,0.05032012783835681,-1.8175469540834293,0.05136750962124556,SARIMAX,7e56bd83460aabc7-Beans
16,463.49995173106845,214923.6996744147,0.08269560274415455,0.08269401458181418,-8595.947986976587,0.08269560274415455,SARIMAX,7e56bd83460aabc7-Beans
17,426.6905887988087,185224.04888461024,0.07576723275437022,0.07572148869544076,-295.3584782153764,0.07576723275437022,SARIMAX,7e56bd83460aabc7-Beans
18,1231.9030959117208,2192668.714149745,0.29552786400390046,0.25611290975295653,-2.0348355905186786,0.29552786400390046,SARIMAX,7e56bd83460aabc7-Beans
19,2064.506674622957,4262740.4568562545,0.5213400693492315,0.5213400693492315,0.0,0.5213400693492315,SARIMAX,7e56bd83460aabc7-Beans
20,1277.7663254357408,1680876.909148451,0.32266826399892445,0.32266826399892445,0.0,0.32266826399892445,SARIMAX,7e56bd83460aabc7-Beans
21,707.4479786053139,509476.2964905227,0.17943776657827226,0.1795553245191152,-1272.6907412263067,0.17943776657827226,SARIMAX,7e56bd83460aabc7-Beans
22,356.3654008928147,130257.3204998167,0.09090954104408538,0.09090954104408538,0.0,0.09090954104408538,SARIMAX,7e56bd83460aabc7-Beans
23,157.54997151471593,25736.976908380733,0.04019131926395815,0.04019131926395815,0.0,0.04019131926395815,SARIMAX,7e56bd83460aabc7-Beans
24,89.29713840287923,8254.064833577717,0.022779882245632457,0.022779882245632457,0.0,0.022779882245632457,SARIMAX,7e56bd83460aabc7-Beans
25,38.77386266379426,1558.74111204378,0.009891291495865883,0.009891291495865883,0.0,0.009891291495865883,SARIMAX,7e56bd83460aabc7-Beans
26,43.861209355581195,2313.020816367066,0.01102686528128864,0.01107606296858111,-0.4456380102294162,0.01102686528128864,SARIMAX,7e56bd83460aabc7-Beans
27,997.9480323797095,1862389.7295366041,0.4905872812706624,0.3326493441265698,-0.8623897295366041,0.4905872812706624,SARIMAX,7e56bd83460aabc7-Beans
28,2450.558384270477,6264588.906797292,1.9652354485617245,1.6337055895136512,-24.058355627189165,1.9652354485617245,SARIMAX,7e56bd83460aabc7-Beans
4,1000.0,1053361.0,0.16880330834841045,0.15873015873015872,-0.05336099999999999,0.16880330834841045,AutoArima,7e56bd83460aabc7-Beans
5,850.0,1008511.0399999992,0.15315579514824795,0.13821138211382114,-0.3958630311418674,0.15315579514824795,AutoArima,7e56bd83460aabc7-Beans
6,545.9999999999973,298115.99999999703,0.07799999999999961,0.07799999999999961,0.0,0.07799999999999961,AutoArima,7e56bd83460aabc7-Beans
7,393.0,160074.0,0.05664025026068821,0.05675090252707581,-27.4576,0.05664025026068821,AutoArima,7e56bd83460aabc7-Beans
8,284.5000000000009,81565.25000000052,0.04136914207130025,0.04138181818181831,-129.50440000000083,0.04136914207130025,AutoArima,7e56bd83460aabc7-Beans
9,359.6541886744858,137076.04189933624,0.05379583857904184,0.0542464839629692,-0.880329792857836,0.05379583857904184,AutoArima,7e56bd83460aabc7-Beans
10,1725.9328874656317,5561997.090598696,0.1759904485448799,0.21099424052147087,-0.679144152457039,0.1759904485448799,AutoArima,7e56bd83460aabc7-Beans
11,3672.11026443077,13628423.720860321,0.9749544784713216,0.5875376423089231,0.030867646516599345,0.9749544784713216,AutoArima,7e56bd83460aabc7-Beans
12,3422.5993620422228,12616734.078551823,1.1554992401346116,0.992057786099195,-12.979760751857976,1.1554992401346116,AutoArima,7e56bd83460aabc7-Beans
13,2844.3236937441566,12637085.973844558,0.6293279834411682,0.570004748245322,-35.30303353589359,0.6293279834411682,AutoArima,7e56bd83460aabc7-Beans
14,2263.63743499294,7767026.471462799,0.4016685295535767,0.3909563791006805,-175.12304923951925,0.4016685295535767,AutoArima,7e56bd83460aabc7-Beans
15,554.2666666666664,347211.53777777747,0.09686746031746027,0.09556321839080456,-7.680288444444436,0.09686746031746027,AutoArima,7e56bd83460aabc7-Beans
16,727.1250000000036,528735.7656250054,0.12972882050547557,0.12972792149866255,-21148.430625000216,0.12972882050547557,AutoArima,7e56bd83460aabc7-Beans
17,654.0588235294117,428417.9446366781,0.11609274423474723,0.11607077613654157,-684.468711418685,0.11609274423474723,AutoArima,7e56bd83460aabc7-Beans
18,1441.3333333333321,2799941.7777777743,0.34154769128267337,0.2996534996534994,-2.8753519415609334,0.34154769128267337,AutoArima,7e56bd83460aabc7-Beans
19,2260.210526315791,5108551.623268705,0.570760233918129,0.570760233918129,0.0,0.570760233918129,AutoArima,7e56bd83460aabc7-Beans
20,2147.199999999999,4610467.839999995,0.5422222222222219,0.5422222222222219,0.0,0.5422222222222219,AutoArima,7e56bd83460aabc7-Beans
21,2064.952380952379,4264428.335600899,0.5241388618939634,0.5240995890742078,-10660.070839002246,0.5241388618939634,AutoArima,7e56bd83460aabc7-Beans
22,749.2141805182246,561321.8882895948,0.19112606645873076,0.19112606645873076,0.0,0.19112606645873076,AutoArima,7e56bd83460aabc7-Beans
23,500.9511829362955,250952.0876852738,0.12779366911640191,0.12779366911640191,0.0,0.12779366911640191,AutoArima,7e56bd83460aabc7-Beans
24,340.9215772379157,116227.52182638813,0.08696979011171319,0.08696979011171319,0.0,0.08696979011171319,AutoArima,7e56bd83460aabc7-Beans
25,236.26116022091355,55819.335828932184,0.06027070413798815,0.06027070413798815,0.0,0.06027070413798815,AutoArima,7e56bd83460aabc7-Beans
26,126.23703091370362,17535.787973907365,0.03198333178687923,0.03187803810952112,-9.959867483692102,0.03198333178687923,AutoArima,7e56bd83460aabc7-Beans
27,1038.407469007885,2078290.0716913617,0.514402800877957,0.34613582300262835,-1.0782900716913617,0.514402800877957,AutoArima,7e56bd83460aabc7-Beans
28,2528.9000029039353,6645335.224687524,2.0216750021779517,1.6859333352692902,-25.581340898750096,2.0216750021779517,AutoArima,7e56bd83460aabc7-Beans
